 30
  1
 12
  1  0  0  0  1  0  0  0  1  0.000000  0.000000  0.000000  1.000000  0.000000  0.000000  0.000000  0.000000  0.000000  1.000000  0.000000
  0 -1  0 -1  0  0  0  0 -1  0.000000  0.000000  0.000000  0.000000 -0.000000 -0.000000  1.000000  0.000000  1.000000  0.000000  0.000000
  0  0  1  1  0  0  0  1  0  0.000000  0.000000  0.000000  0.500000 -0.866025  0.000000  0.000000 -0.000000  0.000000  0.500000  0.866025
  0  1  0  0  0  1  1  0  0  0.000000  0.000000  0.000000  0.500000  0.866025  0.000000  0.000000 -0.000000  0.000000  0.500000 -0.866025
 -1  0  0  0  0 -1  0 -1  0  0.000000  0.000000  0.000000  0.000000  0.000000 -0.866025  0.500000  0.866025  0.500000  0.000000 -0.000000
  0  0 -1  0 -1  0 -1  0  0  0.000000  0.000000  0.000000  0.000000  0.000000 -0.866025 -0.500000  0.866025 -0.500000  0.000000 -0.000000
 -1  0  0  0 -1  0  0  0 -1  0.000000  0.000000  0.000000  1.000000  0.000000  0.000000  0.000000  0.000000  0.000000  1.000000  0.000000
  0  1  0  1  0  0  0  0  1  0.000000  0.000000  0.000000  0.000000 -0.000000 -0.000000  1.000000  0.000000  1.000000  0.000000  0.000000
  0  0 -1 -1  0  0  0 -1  0  0.000000  0.000000  0.000000  0.500000 -0.866025  0.000000  0.000000 -0.000000  0.000000  0.500000  0.866025
  0 -1  0  0  0 -1 -1  0  0  0.000000  0.000000  0.000000  0.500000  0.866025  0.000000  0.000000 -0.000000  0.000000  0.500000 -0.866025
  1  0  0  0  0  1  0  1  0  0.000000  0.000000  0.000000  0.000000  0.000000 -0.866025  0.500000  0.866025  0.500000  0.000000 -0.000000
  0  0  1  0  1  0  1  0  0  0.000000  0.000000  0.000000  0.000000  0.000000 -0.866025 -0.500000  0.866025 -0.500000  0.000000 -0.000000
  4
  0.000000  0.000000  0.000000
  0.000000  0.500000  0.000000
  0.500000  0.500000  0.000000
  0.500000  0.500000  0.500000
 12
  1  2  3  4  5  6  7  8  9 10 11 12
  1  2 -14.948122  2.000000  0.000000  0.000000  0.000000 -2.000000  0.000000 -2.000000 -0.000000 -0.000000  0.000000  0.000000 -0.000000  2.000000  0.000000  0.000000 -0.000000 -2.000000  0.000000 -2.000000 -0.000000 -0.000000  0.000000 -0.000000 -0.000000
  3  2 -14.943296  2.000000  0.000000  0.000000 -0.000000  1.000000  0.000000  1.000000 -0.000000  0.000000 -0.000000  0.000000 -0.000000  2.000000  0.000000 -0.000000  0.000000  1.000000 -0.000000  1.000000  0.000000  0.000000  0.000000  0.000000 -0.000000
  5  2 -14.888241  2.000000  0.000000 -0.000000  0.000000 -2.000000 -0.000000 -2.000000  0.000000  0.000000  0.000000  0.000000  0.000000 -2.000000  0.000000  0.000000  0.000000  2.000000  0.000000  2.000000 -0.000000  0.000000  0.000000  0.000000  0.000000
  7  2 -14.885830  2.000000  0.000000 -0.000000  0.000000  1.000000  0.000000  1.000000 -0.000000 -0.000000 -0.000000 -0.000000  0.000000 -2.000000  0.000000  0.000000  0.000000 -1.000000 -0.000000 -1.000000  0.000000  0.000000 -0.000000  0.000000 -0.000000
  9  2 -12.026873  2.000000  0.000000  0.000000 -0.000000  1.000000  0.000000  1.000000 -0.000000  0.000000  0.000000  0.000000  0.000000  2.000000  0.000000  0.000000 -0.000000  1.000000  0.000000  1.000000 -0.000000  0.000000  0.000000  0.000000  0.000000
 11  2 -12.017104  2.000000  0.000000  0.000000  0.000000 -2.000000  0.000000 -2.000000 -0.000000 -0.000000 -0.000000  0.000000  0.000000  2.000000  0.000000  0.000000  0.000000 -2.000000  0.000000 -2.000000 -0.000000  0.000000 -0.000000 -0.000000 -0.000000
 13  2 -12.011882  2.000000  0.000000 -0.000000 -0.000000  1.000000  0.000000  1.000000  0.000000 -0.000000  0.000000 -0.000000  0.000000 -2.000000  0.000000  0.000000  0.000000 -1.000000  0.000000 -1.000000 -0.000000  0.000000  0.000000  0.000000 -0.000000
 15  2 -11.829795  2.000000  0.000000  0.000000 -0.000000  1.000000 -0.000000  1.000000  0.000000  0.000000  0.000000  0.000000  0.000000  2.000000  0.000000  0.000000  0.000000  1.000000  0.000000  1.000000 -0.000000 -0.000000 -0.000000  0.000000 -0.000000
 17  2 -11.824210  2.000000  0.000000  0.000000  0.000000 -2.000000  0.000000 -2.000000 -0.000000  0.000000  0.000000 -0.000000  0.000000 -2.000000  0.000000 -0.000000  0.000000  2.000000 -0.000000  2.000000 -0.000000  0.000000  0.000000 -0.000000  0.000000
 19  2 -11.821487  2.000000  0.000000  0.000000  0.000000  1.000000  0.000000  1.000000 -0.000000  0.000000  0.000000 -0.000000  0.000000 -2.000000  0.000000  0.000000  0.000000 -1.000000 -0.000000 -1.000000  0.000000  0.000000  0.000000  0.000000 -0.000000
 21  2  -3.402655  2.000000  0.000000  0.000000 -0.000000  1.000000 -0.000000  1.000000  0.000000  0.000000  0.000000  0.000000 -0.000000  2.000000  0.000000  0.000000 -0.000000  1.000000 -0.000000  1.000000  0.000000  0.000000  0.000000  0.000000  0.000000
 23  2   1.759636  2.000000  0.000000 -0.000000 -0.000000  1.000000  0.000000  1.000000 -0.000000 -0.000000 -0.000000 -0.000000 -0.000000 -2.000000  0.000000  0.000000  0.000000 -1.000000 -0.000000 -1.000000  0.000000  0.000000  0.000000  0.000000  0.000000
 25  2   6.434901  2.000000  0.000000  0.000000  0.000000  1.000000  0.000000  1.000000 -0.000000  0.000000  0.000000  0.000000  0.000000  2.000000  0.000000  0.000000  0.000000  1.000000  0.000000  1.000000 -0.000000  0.000000  0.000000  0.000000  0.000000
 27  2   8.592502  2.000000  0.000000  0.000000 -0.000000  1.000000 -0.000000  1.000000  0.000000  0.000000 -0.000000  0.000000 -0.000000  2.000000  0.000000  0.000000  0.000000  1.000000  0.000000  1.000000 -0.000000 -0.000000  0.000000  0.000000 -0.000000
 29  2   8.843002  2.000000  0.000000 -0.000000  0.000000 -2.000000  0.000000 -2.000000 -0.000000 -0.000000  0.000000  0.000000 -0.000000  2.000000 -0.000000  0.000000 -0.000000 -2.000000  0.000000 -2.000000 -0.000000 -0.000000  0.000000  0.000000  0.000000
  4
  1  6  7 12
  1  2 -14.930038  2.000000  0.000000  0.000000  0.000000  2.000000  0.000000 -0.000000 -0.000000
  3  2 -14.919724  2.000000  0.000000  0.000000  0.000000 -2.000000 -0.000000  0.000000  0.000000
  5  2 -14.901552  2.000000  0.000000  0.000000  0.000000  2.000000  0.000000  0.000000 -0.000000
  7  2 -14.893659  2.000000  0.000000  0.000000 -0.000000 -2.000000  0.000000 -0.000000  0.000000
  9  2 -11.982724  2.000000  0.000000 -0.000000  0.000000  2.000000 -0.000000 -0.000000 -0.000000
 11  2 -11.960478  2.000000  0.000000 -0.000000 -0.000000 -2.000000  0.000000  0.000000 -0.000000
 13  2 -11.927633  2.000000  0.000000  0.000000 -0.000000 -2.000000  0.000000  0.000000  0.000000
 15  2 -11.922791  2.000000  0.000000  0.000000  0.000000  2.000000 -0.000000  0.000000 -0.000000
 17  2 -11.885935  2.000000  0.000000  0.000000 -0.000000  2.000000 -0.000000  0.000000 -0.000000
 19  2 -11.871703  2.000000  0.000000  0.000000 -0.000000 -2.000000  0.000000  0.000000  0.000000
 21  2  -1.564166  2.000000  0.000000  0.000000 -0.000000  2.000000  0.000000 -0.000000  0.000000
 23  2  -1.067373  2.000000  0.000000 -0.000000  0.000000 -2.000000 -0.000000  0.000000  0.000000
 25  2   7.459638  2.000000  0.000000 -0.000000  0.000000  2.000000 -0.000000 -0.000000  0.000000
 27  2   7.475559  2.000000  0.000000 -0.000000 -0.000000 -2.000000 -0.000000  0.000000  0.000000
 29  2   9.174138  2.000000  0.000000 -0.000000 -0.000000 -2.000000 -0.000000  0.000000  0.000000
  4
  1  2  7  8
  1  2 -14.951364  2.000000  0.000000  0.000000  0.000000 -2.000000  0.000000 -0.000000 -0.000000
  3  2 -14.929069  2.000000  0.000000  0.000000  0.000000  2.000000 -0.000000  0.000000  0.000000
  5  2 -14.893192  2.000000  0.000000 -0.000000 -0.000000 -2.000000  0.000000  0.000000  0.000000
  7  2 -14.876978  2.000000  0.000000 -0.000000 -0.000000  2.000000  0.000000  0.000000 -0.000000
  9  2 -12.030231  2.000000  0.000000 -0.000000  0.000000 -2.000000 -0.000000  0.000000  0.000000
 11  2 -11.972219  2.000000  0.000000  0.000000 -0.000000  2.000000 -0.000000 -0.000000  0.000000
 13  2 -11.953341  2.000000  0.000000  0.000000  0.000000  2.000000 -0.000000  0.000000  0.000000
 15  2 -11.899210  2.000000  0.000000 -0.000000  0.000000 -2.000000 -0.000000  0.000000  0.000000
 17  2 -11.878197  2.000000  0.000000 -0.000000 -0.000000 -2.000000  0.000000  0.000000  0.000000
 19  2 -11.808389  2.000000  0.000000 -0.000000  0.000000  2.000000 -0.000000 -0.000000  0.000000
 21  2  -1.698470  2.000000  0.000000  0.000000 -0.000000 -2.000000  0.000000  0.000000  0.000000
 23  2  -0.021742  2.000000  0.000000  0.000000 -0.000000  2.000000  0.000000  0.000000 -0.000000
 25  2   4.613712  2.000000  0.000000  0.000000  0.000000  2.000000 -0.000000  0.000000  0.000000
 27  2   5.622855  2.000000  0.000000 -0.000000  0.000000 -2.000000  0.000000  0.000000 -0.000000
 29  2   7.001539  2.000000  0.000000  0.000000 -0.000000 -2.000000 -0.000000  0.000000 -0.000000
 12
  1  2  3  4  5  6  7  8  9 10 11 12
  1  2 -14.932240  2.000000  0.000000 -0.000000  0.000000 -2.000000 -0.000000 -2.000000  0.000000  0.000000  0.000000  0.000000  0.000000 -2.000000 -0.000000  0.000000 -0.000000  2.000000  0.000000  2.000000 -0.000000 -0.000000  0.000000  0.000000  0.000000
  3  2 -14.919501  2.000000  0.000000 -0.000000  0.000000  1.000000  0.000000  1.000000 -0.000000 -0.000000  0.000000  0.000000 -0.000000 -2.000000  0.000000  0.000000  0.000000 -1.000000 -0.000000 -1.000000  0.000000  0.000000  0.000000  0.000000 -0.000000
  5  2 -14.899428  2.000000  0.000000  0.000000 -0.000000  1.000000 -0.000000  1.000000  0.000000 -0.000000  0.000000  0.000000  0.000000  2.000000 -0.000000 -0.000000 -0.000000  1.000000 -0.000000  1.000000  0.000000  0.000000 -0.000000  0.000000  0.000000
  7  2 -14.897467  2.000000  0.000000  0.000000 -0.000000 -2.000000 -0.000000 -2.000000  0.000000  0.000000  0.000000 -0.000000  0.000000  2.000000 -0.000000  0.000000 -0.000000 -2.000000  0.000000 -2.000000 -0.000000  0.000000 -0.000000 -0.000000  0.000000
  9  2 -11.989977  2.000000  0.000000  0.000000 -0.000000  1.000000  0.000000  1.000000 -0.000000 -0.000000 -0.000000 -0.000000  0.000000 -2.000000 -0.000000  0.000000  0.000000 -1.000000 -0.000000 -1.000000  0.000000  0.000000  0.000000  0.000000 -0.000000
 11  2 -11.966586  2.000000  0.000000 -0.000000 -0.000000  1.000000  0.000000  1.000000 -0.000000  0.000000  0.000000  0.000000 -0.000000  2.000000 -0.000000  0.000000  0.000000  1.000000  0.000000  1.000000 -0.000000  0.000000 -0.000000  0.000000  0.000000
 13  2 -11.962668  2.000000  0.000000  0.000000 -0.000000 -2.000000 -0.000000 -2.000000  0.000000 -0.000000  0.000000  0.000000 -0.000000 -2.000000 -0.000000 -0.000000  0.000000  2.000000  0.000000  2.000000 -0.000000  0.000000  0.000000  0.000000  0.000000
 15  2 -11.885868  2.000000  0.000000  0.000000  0.000000 -2.000000 -0.000000 -2.000000  0.000000  0.000000  0.000000  0.000000 -0.000000  2.000000  0.000000  0.000000  0.000000 -2.000000  0.000000 -2.000000 -0.000000 -0.000000 -0.000000  0.000000 -0.000000
 17  2 -11.875101  2.000000  0.000000  0.000000 -0.000000  1.000000  0.000000  1.000000 -0.000000  0.000000  0.000000  0.000000 -0.000000  2.000000 -0.000000  0.000000  0.000000  1.000000  0.000000  1.000000 -0.000000  0.000000 -0.000000  0.000000 -0.000000
 19  2 -11.869412  2.000000  0.000000  0.000000  0.000000  1.000000 -0.000000  1.000000  0.000000 -0.000000 -0.000000  0.000000  0.000000 -2.000000  0.000000  0.000000 -0.000000 -1.000000 -0.000000 -1.000000  0.000000  0.000000  0.000000  0.000000 -0.000000
 21  2  -2.122024  2.000000  0.000000 -0.000000  0.000000  1.000000 -0.000000  1.000000  0.000000 -0.000000 -0.000000 -0.000000  0.000000 -2.000000  0.000000  0.000000 -0.000000 -1.000000  0.000000 -1.000000 -0.000000  0.000000 -0.000000  0.000000 -0.000000
 23  2  -0.632508  2.000000  0.000000  0.000000 -0.000000  1.000000 -0.000000  1.000000  0.000000  0.000000 -0.000000  0.000000 -0.000000  2.000000 -0.000000  0.000000 -0.000000  1.000000 -0.000000  1.000000  0.000000  0.000000 -0.000000  0.000000 -0.000000
 25  2   7.546460  2.000000  0.000000 -0.000000  0.000000  1.000000  0.000000  1.000000 -0.000000  0.000000 -0.000000  0.000000  0.000000 -2.000000  0.000000  0.000000 -0.000000 -1.000000 -0.000000 -1.000000  0.000000 -0.000000  0.000000  0.000000  0.000000
 27  2   7.903946  2.000000  0.000000  0.000000 -0.000000  1.000000 -0.000000  1.000000  0.000000  0.000000  0.000000  0.000000  0.000000  2.000000  0.000000  0.000000 -0.000000  1.000000  0.000000  1.000000 -0.000000  0.000000  0.000000  0.000000  0.000000
 29  2   9.462754  2.000000  0.000000 -0.000000 -0.000000 -2.000000 -0.000000 -2.000000  0.000000 -0.000000 -0.000000 -0.000000 -0.000000 -2.000000 -0.000000  0.000000  0.000000  2.000000  0.000000  2.000000 -0.000000  0.000000 -0.000000  0.000000  0.000000
