 68
  1
 48
  1  0  0  0  1  0  0  0  1  0.000000  0.000000  0.000000  1.000000  0.000000  0.000000  0.000000  0.000000  0.000000  1.000000  0.000000
 -1  0  0  0 -1  0  0  0  1  0.000000  0.000000  0.000000  0.000000 -1.000000  0.000000  0.000000  0.000000  0.000000  0.000000  1.000000
 -1  0  0  0  1  0  0  0 -1  0.000000  0.000000  0.000000  0.000000  0.000000 -1.000000  0.000000  1.000000  0.000000  0.000000  0.000000
  1  0  0  0 -1  0  0  0 -1  0.000000  0.000000  0.000000  0.000000  0.000000  0.000000 -1.000000  0.000000 -1.000000  0.000000  0.000000
  0  1  0  1  0  0  0  0 -1  0.000000  0.000000  0.000000  0.000000  0.000000 -0.707107 -0.707107  0.707107 -0.707107  0.000000  0.000000
  0 -1  0 -1  0  0  0  0 -1  0.000000  0.000000  0.000000  0.000000  0.000000 -0.707107  0.707107  0.707107  0.707107  0.000000  0.000000
  0  1  0 -1  0  0  0  0  1  0.000000  0.000000  0.000000  0.707107  0.707107  0.000000  0.000000  0.000000  0.000000  0.707107 -0.707107
  0 -1  0  1  0  0  0  0  1  0.000000  0.000000  0.000000  0.707107 -0.707107  0.000000  0.000000  0.000000  0.000000  0.707107  0.707107
  0  0  1  0 -1  0  1  0  0  0.000000  0.000000  0.000000  0.000000 -0.707107  0.000000 -0.707107  0.000000 -0.707107  0.000000  0.707107
  0  0 -1  0 -1  0 -1  0  0  0.000000  0.000000  0.000000  0.000000 -0.707107  0.000000  0.707107  0.000000  0.707107  0.000000  0.707107
  0  0  1  0  1  0 -1  0  0  0.000000  0.000000  0.000000  0.707107  0.000000 -0.707107  0.000000  0.707107  0.000000  0.707107  0.000000
  0  0 -1  0  1  0  1  0  0  0.000000  0.000000  0.000000  0.707107  0.000000  0.707107  0.000000 -0.707107  0.000000  0.707107  0.000000
 -1  0  0  0  0  1  0  1  0  0.000000  0.000000  0.000000  0.000000 -0.707107 -0.707107  0.000000  0.707107  0.000000  0.000000  0.707107
 -1  0  0  0  0 -1  0 -1  0  0.000000  0.000000  0.000000  0.000000 -0.707107  0.707107  0.000000 -0.707107  0.000000  0.000000  0.707107
  1  0  0  0  0  1  0 -1  0  0.000000  0.000000  0.000000  0.707107  0.000000  0.000000  0.707107  0.000000  0.707107  0.707107  0.000000
  1  0  0  0  0 -1  0  1  0  0.000000  0.000000  0.000000  0.707107  0.000000  0.000000 -0.707107  0.000000 -0.707107  0.707107  0.000000
  0  1  0  0  0  1  1  0  0  0.000000  0.000000  0.000000  0.500000  0.500000  0.500000  0.500000 -0.500000  0.500000  0.500000 -0.500000
  0 -1  0  0  0  1 -1  0  0  0.000000  0.000000  0.000000  0.500000 -0.500000 -0.500000  0.500000  0.500000  0.500000  0.500000  0.500000
  0  1  0  0  0 -1 -1  0  0  0.000000  0.000000  0.000000  0.500000  0.500000 -0.500000 -0.500000  0.500000 -0.500000  0.500000 -0.500000
  0 -1  0  0  0 -1  1  0  0  0.000000  0.000000  0.000000  0.500000 -0.500000  0.500000 -0.500000 -0.500000 -0.500000  0.500000  0.500000
  0  0  1  1  0  0  0  1  0  0.000000  0.000000  0.000000  0.500000 -0.500000 -0.500000 -0.500000  0.500000 -0.500000  0.500000  0.500000
  0  0  1 -1  0  0  0 -1  0  0.000000  0.000000  0.000000  0.500000  0.500000 -0.500000  0.500000  0.500000  0.500000  0.500000 -0.500000
  0  0 -1 -1  0  0  0  1  0  0.000000  0.000000  0.000000  0.500000  0.500000  0.500000 -0.500000 -0.500000 -0.500000  0.500000 -0.500000
  0  0 -1  1  0  0  0 -1  0  0.000000  0.000000  0.000000  0.500000 -0.500000  0.500000  0.500000 -0.500000  0.500000  0.500000  0.500000
 -1  0  0  0 -1  0  0  0 -1  0.000000  0.000000  0.000000  1.000000  0.000000  0.000000  0.000000  0.000000  0.000000  1.000000  0.000000
  1  0  0  0  1  0  0  0 -1  0.000000  0.000000  0.000000  0.000000 -1.000000  0.000000  0.000000  0.000000  0.000000  0.000000  1.000000
  1  0  0  0 -1  0  0  0  1  0.000000  0.000000  0.000000  0.000000  0.000000 -1.000000  0.000000  1.000000  0.000000  0.000000  0.000000
 -1  0  0  0  1  0  0  0  1  0.000000  0.000000  0.000000  0.000000  0.000000  0.000000 -1.000000  0.000000 -1.000000  0.000000  0.000000
  0 -1  0 -1  0  0  0  0  1  0.000000  0.000000  0.000000  0.000000  0.000000 -0.707107 -0.707107  0.707107 -0.707107  0.000000  0.000000
  0  1  0  1  0  0  0  0  1  0.000000  0.000000  0.000000  0.000000  0.000000 -0.707107  0.707107  0.707107  0.707107  0.000000  0.000000
  0 -1  0  1  0  0  0  0 -1  0.000000  0.000000  0.000000  0.707107  0.707107  0.000000  0.000000  0.000000  0.000000  0.707107 -0.707107
  0  1  0 -1  0  0  0  0 -1  0.000000  0.000000  0.000000  0.707107 -0.707107  0.000000  0.000000  0.000000  0.000000  0.707107  0.707107
  0  0 -1  0  1  0 -1  0  0  0.000000  0.000000  0.000000  0.000000 -0.707107  0.000000 -0.707107  0.000000 -0.707107  0.000000  0.707107
  0  0  1  0  1  0  1  0  0  0.000000  0.000000  0.000000  0.000000 -0.707107  0.000000  0.707107  0.000000  0.707107  0.000000  0.707107
  0  0 -1  0 -1  0  1  0  0  0.000000  0.000000  0.000000  0.707107  0.000000 -0.707107  0.000000  0.707107  0.000000  0.707107  0.000000
  0  0  1  0 -1  0 -1  0  0  0.000000  0.000000  0.000000  0.707107  0.000000  0.707107  0.000000 -0.707107  0.000000  0.707107  0.000000
  1  0  0  0  0 -1  0 -1  0  0.000000  0.000000  0.000000  0.000000 -0.707107 -0.707107  0.000000  0.707107  0.000000  0.000000  0.707107
  1  0  0  0  0  1  0  1  0  0.000000  0.000000  0.000000  0.000000 -0.707107  0.707107  0.000000 -0.707107  0.000000  0.000000  0.707107
 -1  0  0  0  0 -1  0  1  0  0.000000  0.000000  0.000000  0.707107  0.000000  0.000000  0.707107  0.000000  0.707107  0.707107  0.000000
 -1  0  0  0  0  1  0 -1  0  0.000000  0.000000  0.000000  0.707107  0.000000  0.000000 -0.707107  0.000000 -0.707107  0.707107  0.000000
  0 -1  0  0  0 -1 -1  0  0  0.000000  0.000000  0.000000  0.500000  0.500000  0.500000  0.500000 -0.500000  0.500000  0.500000 -0.500000
  0  1  0  0  0 -1  1  0  0  0.000000  0.000000  0.000000  0.500000 -0.500000 -0.500000  0.500000  0.500000  0.500000  0.500000  0.500000
  0 -1  0  0  0  1  1  0  0  0.000000  0.000000  0.000000  0.500000  0.500000 -0.500000 -0.500000  0.500000 -0.500000  0.500000 -0.500000
  0  1  0  0  0  1 -1  0  0  0.000000  0.000000  0.000000  0.500000 -0.500000  0.500000 -0.500000 -0.500000 -0.500000  0.500000  0.500000
  0  0 -1 -1  0  0  0 -1  0  0.000000  0.000000  0.000000  0.500000 -0.500000 -0.500000 -0.500000  0.500000 -0.500000  0.500000  0.500000
  0  0 -1  1  0  0  0  1  0  0.000000  0.000000  0.000000  0.500000  0.500000 -0.500000  0.500000  0.500000  0.500000  0.500000 -0.500000
  0  0  1  1  0  0  0 -1  0  0.000000  0.000000  0.000000  0.500000  0.500000  0.500000 -0.500000 -0.500000 -0.500000  0.500000 -0.500000
  0  0  1 -1  0  0  0  1  0  0.000000  0.000000  0.000000  0.500000 -0.500000  0.500000  0.500000 -0.500000  0.500000  0.500000  0.500000
  4
  0.000000  0.000000  0.000000
  0.000000  0.500000  0.000000
  0.500000  0.500000  0.000000
  0.500000  0.500000  0.500000
 48
  1  2  3  4  5  6  7  8  9 10 11 12 13 14 15 16 17 18 19 20 21 22 23 24 25 26 27 28 29 30 31 32 33 34 35 36 37 38 39 40 41 42 43 44 45 46 47 48
  1  2 -77.905202  2.000000  0.000000  0.000000  0.000000  0.000000 -0.000000  0.000000 -0.000000  0.000000  0.000000  0.000000 -0.000000  1.414214  0.000000  1.414214 -0.000000 -0.000000  0.000000 -0.000000 -0.000000  1.414214  0.000000  1.414214 -0.000000  0.000000  0.000000 -0.000000 -0.000000  1.414214  0.000000  1.414214 -0.000000  1.000000  0.000000  1.000000  0.000000  1.000000  0.000000  1.000000 -0.000000  1.000000  0.000000  1.000000  0.000000  1.000000 -0.000000  1.000000  0.000000  2.000000  0.000000  0.000000 -0.000000  0.000000 -0.000000  0.000000 -0.000000  0.000000  0.000000  0.000000  0.000000  1.414214 -0.000000  1.414214  0.000000  0.000000 -0.000000 -0.000000 -0.000000  1.414214  0.000000  1.414214 -0.000000  0.000000 -0.000000  0.000000 -0.000000  1.414214  0.000000  1.414214 -0.000000  1.000000  0.000000  1.000000  0.000000  1.000000  0.000000  1.000000 -0.000000  1.000000 -0.000000  1.000000  0.000000  1.000000 -0.000000  1.000000 -0.000000
  3  4 -77.889814  4.000000  0.000000  0.000000 -0.000000  0.000000  0.000000  0.000000 -0.000000 -0.000000  0.000000 -0.000000  0.000000 -0.000000  0.000000 -0.000000 -0.000000  0.000000 -0.000000  0.000000  0.000000 -0.000000 -0.000000  0.000000  0.000000 -0.000000 -0.000000  0.000000 -0.000000 -0.000000  0.000000 -0.000000  0.000000 -1.000000  0.000000 -1.000000  0.000000 -1.000000  0.000000 -1.000000 -0.000000 -1.000000 -0.000000 -1.000000 -0.000000 -1.000000 -0.000000 -1.000000 -0.000000  4.000000  0.000000  0.000000  0.000000  0.000000 -0.000000  0.000000 -0.000000 -0.000000 -0.000000  0.000000  0.000000 -0.000000  0.000000 -0.000000 -0.000000 -0.000000 -0.000000 -0.000000 -0.000000  0.000000 -0.000000 -0.000000  0.000000  0.000000 -0.000000 -0.000000 -0.000000  0.000000  0.000000  0.000000  0.000000 -1.000000  0.000000 -1.000000  0.000000 -1.000000 -0.000000 -1.000000  0.000000 -1.000000 -0.000000 -1.000000 -0.000000 -1.000000 -0.000000 -1.000000 -0.000000
  7  4 -43.210740  4.000000  0.000000 -0.000000  0.000000  0.000000  0.000000 -0.000000  0.000000  0.000000  0.000000  0.000000 -0.000000 -0.000000  0.000000 -0.000000 -0.000000  0.000000  0.000000 -0.000000  0.000000  0.000000  0.000000  0.000000 -0.000000 -0.000000 -0.000000  0.000000  0.000000  0.000000 -0.000000  0.000000 -0.000000 -1.000000 -0.000000 -1.000000  0.000000 -1.000000  0.000000 -1.000000 -0.000000 -1.000000  0.000000 -1.000000  0.000000 -1.000000  0.000000 -1.000000 -0.000000 -4.000000  0.000000  0.000000  0.000000  0.000000 -0.000000  0.000000 -0.000000 -0.000000 -0.000000 -0.000000  0.000000  0.000000 -0.000000  0.000000  0.000000  0.000000 -0.000000 -0.000000 -0.000000 -0.000000  0.000000  0.000000  0.000000  0.000000  0.000000  0.000000 -0.000000  0.000000 -0.000000 -0.000000 -0.000000  1.000000 -0.000000  1.000000  0.000000  1.000000 -0.000000  1.000000 -0.000000  1.000000 -0.000000  1.000000 -0.000000  1.000000 -0.000000  1.000000 -0.000000
 11  2 -43.155685  2.000000  0.000000 -0.000000 -0.000000 -0.000000  0.000000 -0.000000 -0.000000 -0.000000  0.000000 -0.000000  0.000000  1.414214 -0.000000  1.414214  0.000000 -0.000000 -0.000000  0.000000  0.000000  1.414214  0.000000  1.414214 -0.000000 -0.000000  0.000000  0.000000  0.000000  1.414214  0.000000  1.414214 -0.000000  1.000000  0.000000  1.000000 -0.000000  1.000000  0.000000  1.000000 -0.000000  1.000000  0.000000  1.000000 -0.000000  1.000000  0.000000  1.000000 -0.000000 -2.000000  0.000000  0.000000  0.000000 -0.000000 -0.000000  0.000000 -0.000000  0.000000 -0.000000  0.000000  0.000000 -1.414214 -0.000000 -1.414214  0.000000 -0.000000  0.000000  0.000000  0.000000 -1.414214  0.000000 -1.414214  0.000000  0.000000 -0.000000 -0.000000 -0.000000 -1.414214 -0.000000 -1.414214  0.000000 -1.000000 -0.000000 -1.000000 -0.000000 -1.000000 -0.000000 -1.000000 -0.000000 -1.000000 -0.000000 -1.000000  0.000000 -1.000000 -0.000000 -1.000000 -0.000000
 13  2 -28.355348  2.000000  0.000000 -0.000000 -0.000000 -0.000000  0.000000  0.000000 -0.000000 -0.000000 -0.000000 -0.000000  0.000000  1.414214 -0.000000  1.414214  0.000000 -0.000000  0.000000 -0.000000  0.000000  1.414214  0.000000  1.414214 -0.000000 -0.000000  0.000000  0.000000 -0.000000  1.414214 -0.000000  1.414214  0.000000  1.000000 -0.000000  1.000000 -0.000000  1.000000 -0.000000  1.000000 -0.000000  1.000000 -0.000000  1.000000  0.000000  1.000000 -0.000000  1.000000 -0.000000 -2.000000  0.000000  0.000000  0.000000  0.000000 -0.000000  0.000000  0.000000  0.000000 -0.000000  0.000000 -0.000000 -1.414214  0.000000 -1.414214 -0.000000  0.000000  0.000000  0.000000 -0.000000 -1.414214  0.000000 -1.414214  0.000000  0.000000 -0.000000  0.000000 -0.000000 -1.414214 -0.000000 -1.414214 -0.000000 -1.000000 -0.000000 -1.000000 -0.000000 -1.000000 -0.000000 -1.000000  0.000000 -1.000000  0.000000 -1.000000 -0.000000 -1.000000  0.000000 -1.000000  0.000000
 15  4 -28.318181  4.000000  0.000000 -0.000000  0.000000  0.000000 -0.000000 -0.000000  0.000000 -0.000000  0.000000 -0.000000 -0.000000  0.000000 -0.000000  0.000000  0.000000  0.000000  0.000000 -0.000000  0.000000  0.000000 -0.000000 -0.000000  0.000000 -0.000000  0.000000  0.000000 -0.000000  0.000000  0.000000  0.000000 -0.000000 -1.000000  0.000000 -1.000000  0.000000 -1.000000  0.000000 -1.000000  0.000000 -1.000000 -0.000000 -1.000000  0.000000 -1.000000 -0.000000 -1.000000  0.000000 -4.000000  0.000000  0.000000  0.000000  0.000000 -0.000000  0.000000 -0.000000  0.000000  0.000000  0.000000  0.000000  0.000000 -0.000000  0.000000  0.000000 -0.000000 -0.000000 -0.000000  0.000000  0.000000  0.000000  0.000000  0.000000 -0.000000  0.000000  0.000000 -0.000000 -0.000000 -0.000000 -0.000000 -0.000000  1.000000 -0.000000  1.000000 -0.000000  1.000000 -0.000000  1.000000  0.000000  1.000000 -0.000000  1.000000  0.000000  1.000000  0.000000  1.000000 -0.000000
 19  2 -28.251062  2.000000  0.000000 -0.000000 -0.000000 -0.000000 -0.000000 -0.000000  0.000000  0.000000  0.000000  0.000000  0.000000 -1.414214 -0.000000 -1.414214  0.000000  0.000000 -0.000000  0.000000  0.000000 -1.414214 -0.000000 -1.414214  0.000000  0.000000  0.000000  0.000000  0.000000 -1.414214  0.000000 -1.414214 -0.000000  1.000000 -0.000000  1.000000  0.000000  1.000000 -0.000000  1.000000 -0.000000  1.000000 -0.000000  1.000000 -0.000000  1.000000  0.000000  1.000000  0.000000 -2.000000 -0.000000  0.000000 -0.000000  0.000000  0.000000  0.000000  0.000000 -0.000000 -0.000000 -0.000000 -0.000000  1.414214  0.000000  1.414214 -0.000000  0.000000  0.000000  0.000000  0.000000  1.414214  0.000000  1.414214  0.000000  0.000000 -0.000000  0.000000 -0.000000  1.414214  0.000000  1.414214  0.000000 -1.000000  0.000000 -1.000000  0.000000 -1.000000  0.000000 -1.000000  0.000000 -1.000000  0.000000 -1.000000  0.000000 -1.000000 -0.000000 -1.000000 -0.000000
 21  4 -28.136815  4.000000  0.000000 -0.000000  0.000000 -0.000000  0.000000 -0.000000  0.000000 -0.000000  0.000000 -0.000000 -0.000000 -0.000000  0.000000 -0.000000 -0.000000  0.000000  0.000000  0.000000  0.000000  0.000000  0.000000 -0.000000 -0.000000  0.000000  0.000000 -0.000000 -0.000000 -0.000000 -0.000000 -0.000000  0.000000 -1.000000 -0.000000 -1.000000  0.000000 -1.000000 -0.000000 -1.000000 -0.000000 -1.000000  0.000000 -1.000000 -0.000000 -1.000000  0.000000 -1.000000  0.000000 -4.000000  0.000000  0.000000  0.000000 -0.000000 -0.000000  0.000000  0.000000  0.000000  0.000000  0.000000  0.000000 -0.000000 -0.000000 -0.000000  0.000000 -0.000000 -0.000000  0.000000  0.000000  0.000000 -0.000000  0.000000 -0.000000  0.000000 -0.000000  0.000000  0.000000  0.000000  0.000000  0.000000  0.000000  1.000000 -0.000000  1.000000  0.000000  1.000000  0.000000  1.000000  0.000000  1.000000 -0.000000  1.000000 -0.000000  1.000000  0.000000  1.000000  0.000000
 25  4   1.560347  4.000000  0.000000  0.000000 -0.000000  0.000000 -0.000000  0.000000 -0.000000  0.000000  0.000000  0.000000  0.000000  0.000000 -0.000000  0.000000  0.000000 -0.000000 -0.000000 -0.000000 -0.000000 -0.000000  0.000000 -0.000000 -0.000000  0.000000 -0.000000 -0.000000  0.000000 -0.000000 -0.000000 -0.000000  0.000000 -1.000000  0.000000 -1.000000  0.000000 -1.000000  0.000000 -1.000000  0.000000 -1.000000 -0.000000 -1.000000 -0.000000 -1.000000 -0.000000 -1.000000 -0.000000  4.000000  0.000000  0.000000 -0.000000 -0.000000 -0.000000  0.000000 -0.000000 -0.000000  0.000000  0.000000  0.000000  0.000000 -0.000000  0.000000  0.000000  0.000000 -0.000000 -0.000000 -0.000000 -0.000000  0.000000 -0.000000  0.000000 -0.000000 -0.000000 -0.000000  0.000000 -0.000000 -0.000000 -0.000000  0.000000 -1.000000  0.000000 -1.000000  0.000000 -1.000000  0.000000 -1.000000  0.000000 -1.000000 -0.000000 -1.000000 -0.000000 -1.000000 -0.000000 -1.000000 -0.000000
 29  4   4.066065  4.000000  0.000000  0.000000  0.000000 -0.000000 -0.000000  0.000000 -0.000000 -0.000000  0.000000  0.000000  0.000000  0.000000 -0.000000  0.000000  0.000000 -0.000000 -0.000000  0.000000 -0.000000  0.000000 -0.000000 -0.000000  0.000000  0.000000 -0.000000  0.000000  0.000000  0.000000 -0.000000 -0.000000 -0.000000 -1.000000 -0.000000 -1.000000  0.000000 -1.000000  0.000000 -1.000000  0.000000 -1.000000  0.000000 -1.000000  0.000000 -1.000000  0.000000 -1.000000  0.000000  4.000000  0.000000  0.000000  0.000000  0.000000  0.000000  0.000000 -0.000000  0.000000  0.000000  0.000000 -0.000000  0.000000  0.000000  0.000000 -0.000000  0.000000  0.000000  0.000000  0.000000  0.000000  0.000000  0.000000  0.000000  0.000000 -0.000000  0.000000 -0.000000  0.000000 -0.000000 -0.000000 -0.000000 -1.000000 -0.000000 -1.000000  0.000000 -1.000000  0.000000 -1.000000  0.000000 -1.000000 -0.000000 -1.000000 -0.000000 -1.000000 -0.000000 -1.000000 -0.000000
 33  2   4.101100  2.000000  0.000000 -0.000000  0.000000  0.000000 -0.000000 -0.000000 -0.000000  0.000000  0.000000  0.000000  0.000000 -1.414214  0.000000 -1.414214 -0.000000 -0.000000  0.000000  0.000000 -0.000000 -1.414214  0.000000 -1.414214 -0.000000  0.000000  0.000000  0.000000  0.000000 -1.414214 -0.000000 -1.414214 -0.000000  1.000000  0.000000  1.000000  0.000000  1.000000 -0.000000  1.000000 -0.000000  1.000000 -0.000000  1.000000  0.000000  1.000000 -0.000000  1.000000 -0.000000  2.000000 -0.000000 -0.000000 -0.000000  0.000000 -0.000000 -0.000000 -0.000000 -0.000000  0.000000  0.000000 -0.000000 -1.414214 -0.000000 -1.414214  0.000000  0.000000  0.000000  0.000000 -0.000000 -1.414214  0.000000 -1.414214 -0.000000 -0.000000 -0.000000 -0.000000  0.000000 -1.414214 -0.000000 -1.414214  0.000000  1.000000  0.000000  1.000000  0.000000  1.000000 -0.000000  1.000000 -0.000000  1.000000 -0.000000  1.000000  0.000000  1.000000 -0.000000  1.000000  0.000000
 35  2   8.308522  2.000000  0.000000  0.000000 -0.000000  0.000000 -0.000000  0.000000  0.000000  0.000000  0.000000  0.000000  0.000000  1.414214 -0.000000  1.414214  0.000000 -0.000000 -0.000000  0.000000 -0.000000  1.414214 -0.000000  1.414214  0.000000  0.000000 -0.000000  0.000000  0.000000  1.414214 -0.000000  1.414214  0.000000  1.000000  0.000000  1.000000 -0.000000  1.000000 -0.000000  1.000000  0.000000  1.000000  0.000000  1.000000  0.000000  1.000000 -0.000000  1.000000  0.000000  2.000000  0.000000  0.000000  0.000000  0.000000  0.000000  0.000000 -0.000000  0.000000  0.000000  0.000000 -0.000000  1.414214 -0.000000  1.414214  0.000000  0.000000 -0.000000  0.000000 -0.000000  1.414214 -0.000000  1.414214  0.000000  0.000000  0.000000 -0.000000  0.000000  1.414214  0.000000  1.414214  0.000000  1.000000  0.000000  1.000000 -0.000000  1.000000 -0.000000  1.000000 -0.000000  1.000000 -0.000000  1.000000 -0.000000  1.000000  0.000000  1.000000 -0.000000
 37  2  13.660092  2.000000  0.000000  0.000000  0.000000 -0.000000  0.000000  0.000000  0.000000  0.000000  0.000000  0.000000 -0.000000  1.414214  0.000000  1.414214 -0.000000  0.000000  0.000000  0.000000  0.000000  1.414214  0.000000  1.414214  0.000000  0.000000  0.000000  0.000000 -0.000000  1.414214 -0.000000  1.414214  0.000000  1.000000 -0.000000  1.000000 -0.000000  1.000000 -0.000000  1.000000 -0.000000  1.000000  0.000000  1.000000 -0.000000  1.000000  0.000000  1.000000 -0.000000  2.000000  0.000000  0.000000 -0.000000  0.000000 -0.000000  0.000000  0.000000  0.000000  0.000000  0.000000 -0.000000  1.414214  0.000000  1.414214 -0.000000  0.000000 -0.000000  0.000000  0.000000  1.414214  0.000000  1.414214 -0.000000  0.000000 -0.000000  0.000000 -0.000000  1.414214 -0.000000  1.414214  0.000000  1.000000 -0.000000  1.000000 -0.000000  1.000000  0.000000  1.000000 -0.000000  1.000000  0.000000  1.000000  0.000000  1.000000  0.000000  1.000000 -0.000000
 39  4  15.083945  4.000000  0.000000 -0.000000 -0.000000  0.000000 -0.000000 -0.000000  0.000000  0.000000 -0.000000  0.000000 -0.000000 -0.000000  0.000000  0.000000 -0.000000  0.000000  0.000000 -0.000000 -0.000000  0.000000  0.000000 -0.000000  0.000000  0.000000  0.000000  0.000000 -0.000000 -0.000000  0.000000  0.000000  0.000000 -1.000000 -0.000000 -1.000000  0.000000 -1.000000 -0.000000 -1.000000  0.000000 -1.000000  0.000000 -1.000000  0.000000 -1.000000 -0.000000 -1.000000 -0.000000  4.000000  0.000000 -0.000000 -0.000000  0.000000 -0.000000  0.000000 -0.000000  0.000000 -0.000000  0.000000  0.000000 -0.000000  0.000000 -0.000000 -0.000000  0.000000  0.000000 -0.000000  0.000000  0.000000 -0.000000  0.000000 -0.000000 -0.000000  0.000000  0.000000  0.000000  0.000000 -0.000000  0.000000  0.000000 -1.000000 -0.000000 -1.000000  0.000000 -1.000000 -0.000000 -1.000000  0.000000 -1.000000  0.000000 -1.000000 -0.000000 -1.000000  0.000000 -1.000000 -0.000000
 43  2  15.126719  2.000000  0.000000 -0.000000  0.000000 -0.000000  0.000000 -0.000000 -0.000000  0.000000 -0.000000  0.000000  0.000000 -1.414214 -0.000000 -1.414214  0.000000 -0.000000 -0.000000  0.000000  0.000000 -1.414214  0.000000 -1.414214  0.000000  0.000000 -0.000000 -0.000000 -0.000000 -1.414214 -0.000000 -1.414214  0.000000  1.000000 -0.000000  1.000000  0.000000  1.000000  0.000000  1.000000  0.000000  1.000000  0.000000  1.000000 -0.000000  1.000000  0.000000  1.000000  0.000000  2.000000  0.000000 -0.000000 -0.000000  0.000000 -0.000000 -0.000000  0.000000  0.000000  0.000000  0.000000 -0.000000 -1.414214 -0.000000 -1.414214  0.000000  0.000000 -0.000000  0.000000  0.000000 -1.414214  0.000000 -1.414214  0.000000  0.000000  0.000000 -0.000000 -0.000000 -1.414214 -0.000000 -1.414214 -0.000000  1.000000 -0.000000  1.000000  0.000000  1.000000  0.000000  1.000000 -0.000000  1.000000  0.000000  1.000000 -0.000000  1.000000 -0.000000  1.000000  0.000000
 45  4  15.191068  4.000000  0.000000  0.000000  0.000000  0.000000  0.000000  0.000000  0.000000  0.000000 -0.000000 -0.000000  0.000000  0.000000 -0.000000  0.000000  0.000000  0.000000 -0.000000  0.000000  0.000000  0.000000 -0.000000 -0.000000 -0.000000 -0.000000  0.000000 -0.000000 -0.000000 -0.000000 -0.000000 -0.000000  0.000000 -1.000000 -0.000000 -1.000000 -0.000000 -1.000000  0.000000 -1.000000 -0.000000 -1.000000  0.000000 -1.000000  0.000000 -1.000000 -0.000000 -1.000000  0.000000  4.000000  0.000000  0.000000 -0.000000  0.000000 -0.000000  0.000000  0.000000 -0.000000 -0.000000  0.000000 -0.000000  0.000000  0.000000  0.000000 -0.000000  0.000000 -0.000000 -0.000000  0.000000 -0.000000 -0.000000 -0.000000 -0.000000  0.000000 -0.000000 -0.000000  0.000000  0.000000  0.000000 -0.000000 -0.000000 -1.000000  0.000000 -1.000000  0.000000 -1.000000 -0.000000 -1.000000 -0.000000 -1.000000  0.000000 -1.000000  0.000000 -1.000000  0.000000 -1.000000  0.000000
 49  4  17.652428  4.000000  0.000000 -0.000000 -0.000000 -0.000000  0.000000 -0.000000 -0.000000  0.000000  0.000000  0.000000  0.000000 -0.000000 -0.000000 -0.000000  0.000000  0.000000  0.000000  0.000000 -0.000000  0.000000  0.000000  0.000000  0.000000 -0.000000  0.000000 -0.000000 -0.000000  0.000000 -0.000000  0.000000  0.000000 -1.000000  0.000000 -1.000000 -0.000000 -1.000000 -0.000000 -1.000000 -0.000000 -1.000000 -0.000000 -1.000000 -0.000000 -1.000000  0.000000 -1.000000  0.000000  4.000000  0.000000 -0.000000  0.000000 -0.000000 -0.000000  0.000000 -0.000000  0.000000  0.000000  0.000000  0.000000  0.000000  0.000000  0.000000 -0.000000  0.000000 -0.000000  0.000000  0.000000  0.000000  0.000000 -0.000000  0.000000  0.000000  0.000000  0.000000 -0.000000 -0.000000  0.000000 -0.000000 -0.000000 -1.000000 -0.000000 -1.000000  0.000000 -1.000000 -0.000000 -1.000000 -0.000000 -1.000000  0.000000 -1.000000 -0.000000 -1.000000  0.000000 -1.000000  0.000000
 53  2  18.165574  2.000000  0.000000 -0.000000  0.000000 -0.000000  0.000000 -0.000000  0.000000  0.000000 -0.000000  0.000000 -0.000000 -1.414214  0.000000 -1.414214 -0.000000  0.000000 -0.000000  0.000000 -0.000000 -1.414214 -0.000000 -1.414214 -0.000000 -0.000000 -0.000000  0.000000  0.000000 -1.414214 -0.000000 -1.414214 -0.000000  1.000000 -0.000000  1.000000  0.000000  1.000000  0.000000  1.000000  0.000000  1.000000  0.000000  1.000000  0.000000  1.000000 -0.000000  1.000000 -0.000000  2.000000  0.000000 -0.000000  0.000000  0.000000  0.000000  0.000000  0.000000  0.000000 -0.000000  0.000000  0.000000 -1.414214 -0.000000 -1.414214  0.000000 -0.000000 -0.000000  0.000000  0.000000 -1.414214 -0.000000 -1.414214  0.000000 -0.000000 -0.000000 -0.000000  0.000000 -1.414214  0.000000 -1.414214 -0.000000  1.000000 -0.000000  1.000000 -0.000000  1.000000 -0.000000  1.000000 -0.000000  1.000000  0.000000  1.000000  0.000000  1.000000  0.000000  1.000000 -0.000000
 55  2  18.436804  2.000000  0.000000 -0.000000  0.000000 -0.000000  0.000000  0.000000 -0.000000 -0.000000  0.000000 -0.000000 -0.000000  1.414214  0.000000  1.414214 -0.000000  0.000000 -0.000000  0.000000 -0.000000  1.414214  0.000000  1.414214 -0.000000 -0.000000 -0.000000  0.000000  0.000000  1.414214 -0.000000  1.414214  0.000000  1.000000 -0.000000  1.000000  0.000000  1.000000  0.000000  1.000000  0.000000  1.000000  0.000000  1.000000  0.000000  1.000000  0.000000  1.000000  0.000000 -2.000000 -0.000000  0.000000  0.000000  0.000000 -0.000000  0.000000  0.000000 -0.000000  0.000000  0.000000  0.000000 -1.414214 -0.000000 -1.414214  0.000000 -0.000000 -0.000000 -0.000000  0.000000 -1.414214  0.000000 -1.414214  0.000000  0.000000 -0.000000  0.000000  0.000000 -1.414214 -0.000000 -1.414214 -0.000000 -1.000000  0.000000 -1.000000  0.000000 -1.000000 -0.000000 -1.000000 -0.000000 -1.000000  0.000000 -1.000000  0.000000 -1.000000 -0.000000 -1.000000  0.000000
 57  4  19.058683  4.000000  0.000000  0.000000  0.000000  0.000000 -0.000000  0.000000 -0.000000 -0.000000 -0.000000  0.000000 -0.000000 -0.000000  0.000000 -0.000000 -0.000000 -0.000000 -0.000000  0.000000 -0.000000  0.000000  0.000000  0.000000 -0.000000  0.000000 -0.000000 -0.000000  0.000000  0.000000 -0.000000  0.000000 -0.000000 -1.000000 -0.000000 -1.000000  0.000000 -1.000000 -0.000000 -1.000000  0.000000 -1.000000 -0.000000 -1.000000 -0.000000 -1.000000  0.000000 -1.000000 -0.000000  4.000000  0.000000  0.000000  0.000000  0.000000 -0.000000  0.000000 -0.000000 -0.000000 -0.000000  0.000000  0.000000 -0.000000  0.000000 -0.000000 -0.000000  0.000000  0.000000  0.000000 -0.000000  0.000000  0.000000  0.000000 -0.000000  0.000000  0.000000  0.000000  0.000000  0.000000  0.000000  0.000000 -0.000000 -1.000000 -0.000000 -1.000000  0.000000 -1.000000 -0.000000 -1.000000 -0.000000 -1.000000 -0.000000 -1.000000 -0.000000 -1.000000  0.000000 -1.000000 -0.000000
 61  4  19.466610  4.000000  0.000000 -0.000000  0.000000 -0.000000 -0.000000 -0.000000 -0.000000 -0.000000 -0.000000 -0.000000 -0.000000 -0.000000 -0.000000 -0.000000  0.000000 -0.000000 -0.000000 -0.000000 -0.000000  0.000000 -0.000000 -0.000000  0.000000 -0.000000  0.000000  0.000000 -0.000000  0.000000  0.000000 -0.000000  0.000000 -1.000000 -0.000000 -1.000000  0.000000 -1.000000 -0.000000 -1.000000  0.000000 -1.000000  0.000000 -1.000000  0.000000 -1.000000  0.000000 -1.000000  0.000000 -4.000000  0.000000  0.000000 -0.000000  0.000000  0.000000  0.000000  0.000000  0.000000 -0.000000  0.000000  0.000000  0.000000 -0.000000  0.000000  0.000000  0.000000  0.000000 -0.000000  0.000000  0.000000  0.000000 -0.000000 -0.000000 -0.000000 -0.000000  0.000000 -0.000000 -0.000000 -0.000000  0.000000  0.000000  1.000000  0.000000  1.000000 -0.000000  1.000000  0.000000  1.000000  0.000000  1.000000 -0.000000  1.000000 -0.000000  1.000000 -0.000000  1.000000 -0.000000
 65  2  19.685414  2.000000  0.000000 -0.000000  0.000000 -0.000000 -0.000000 -0.000000 -0.000000 -0.000000  0.000000  0.000000 -0.000000  1.414214  0.000000  1.414214 -0.000000  0.000000  0.000000  0.000000 -0.000000  1.414214  0.000000  1.414214 -0.000000 -0.000000  0.000000 -0.000000 -0.000000  1.414214 -0.000000  1.414214 -0.000000  1.000000  0.000000  1.000000 -0.000000  1.000000  0.000000  1.000000  0.000000  1.000000  0.000000  1.000000 -0.000000  1.000000 -0.000000  1.000000 -0.000000  2.000000  0.000000 -0.000000 -0.000000 -0.000000  0.000000 -0.000000 -0.000000 -0.000000  0.000000 -0.000000 -0.000000  1.414214 -0.000000  1.414214  0.000000  0.000000 -0.000000  0.000000 -0.000000  1.414214 -0.000000  1.414214 -0.000000  0.000000 -0.000000 -0.000000  0.000000  1.414214  0.000000  1.414214 -0.000000  1.000000 -0.000000  1.000000  0.000000  1.000000  0.000000  1.000000  0.000000  1.000000  0.000000  1.000000 -0.000000  1.000000 -0.000000  1.000000  0.000000
 67  2  19.793503  2.000000  0.000000  0.000000  0.000000  0.000000  0.000000  0.000000 -0.000000  0.000000  0.000000  0.000000 -0.000000 -1.414214  0.000000 -1.414214 -0.000000 -0.000000  0.000000 -0.000000 -0.000000 -1.414214 -0.000000 -1.414214  0.000000 -0.000000  0.000000 -0.000000 -0.000000 -1.414214 -0.000000 -1.414214  0.000000  1.000000  0.000000  1.000000 -0.000000  1.000000  0.000000  1.000000 -0.000000  1.000000  0.000000  1.000000  0.000000  1.000000 -0.000000  1.000000 -0.000000  2.000000  0.000000  0.000000 -0.000000  0.000000 -0.000000  0.000000 -0.000000 -0.000000 -0.000000 -0.000000  0.000000 -1.414214  0.000000 -1.414214 -0.000000 -0.000000  0.000000  0.000000  0.000000 -1.414214  0.000000 -1.414214  0.000000 -0.000000 -0.000000  0.000000  0.000000 -1.414214 -0.000000 -1.414214  0.000000  1.000000  0.000000  1.000000 -0.000000  1.000000 -0.000000  1.000000 -0.000000  1.000000 -0.000000  1.000000 -0.000000  1.000000 -0.000000  1.000000  0.000000
 16
  1  2  3  4  9 10 11 12 25 26 27 28 33 34 35 36
  1  2 -77.900063  2.000000  0.000000 -0.000000  0.000000  0.000000 -0.000000 -0.000000 -0.000000 -0.000000  0.000000  0.000000  0.000000  1.414214 -0.000000  1.414214 -0.000000 -2.000000 -0.000000  0.000000  0.000000 -0.000000  0.000000  0.000000  0.000000 -0.000000  0.000000 -0.000000 -0.000000 -1.414214  0.000000 -1.414214 -0.000000
  3  2 -77.894937  2.000000  0.000000  0.000000  0.000000  0.000000 -0.000000  0.000000  0.000000 -0.000000  0.000000  0.000000  0.000000  1.414214 -0.000000  1.414214  0.000000  2.000000 -0.000000  0.000000  0.000000  0.000000  0.000000  0.000000  0.000000  0.000000  0.000000  0.000000 -0.000000  1.414214  0.000000  1.414214 -0.000000
  5  2 -77.889804  2.000000  0.000000 -0.000000 -0.000000  0.000000 -0.000000 -0.000000  0.000000 -0.000000  0.000000 -0.000000  0.000000 -1.414214 -0.000000 -1.414214  0.000000 -2.000000  0.000000  0.000000  0.000000 -0.000000  0.000000  0.000000 -0.000000  0.000000  0.000000  0.000000  0.000000  1.414214  0.000000  1.414214  0.000000
  7  2 -43.210859  2.000000  0.000000  0.000000  0.000000  0.000000  0.000000  0.000000 -0.000000  0.000000 -0.000000 -0.000000 -0.000000 -1.414214 -0.000000 -1.414214  0.000000  2.000000  0.000000  0.000000 -0.000000 -0.000000  0.000000  0.000000  0.000000  0.000000 -0.000000 -0.000000  0.000000 -1.414214 -0.000000 -1.414214  0.000000
  9  2 -43.192496  2.000000  0.000000 -0.000000 -0.000000 -0.000000  0.000000  0.000000  0.000000  0.000000  0.000000 -0.000000  0.000000  1.414214  0.000000  1.414214 -0.000000 -2.000000  0.000000  0.000000  0.000000  0.000000 -0.000000  0.000000 -0.000000 -0.000000 -0.000000 -0.000000  0.000000 -1.414214 -0.000000 -1.414214 -0.000000
 11  2 -43.174223  2.000000  0.000000  0.000000 -0.000000 -0.000000  0.000000  0.000000  0.000000  0.000000  0.000000  0.000000 -0.000000  1.414214 -0.000000  1.414214  0.000000  2.000000 -0.000000  0.000000  0.000000  0.000000  0.000000  0.000000 -0.000000  0.000000 -0.000000 -0.000000  0.000000  1.414214  0.000000  1.414214  0.000000
 13  2 -28.331879  2.000000  0.000000  0.000000  0.000000 -0.000000 -0.000000  0.000000 -0.000000  0.000000  0.000000  0.000000  0.000000  1.414214 -0.000000  1.414214  0.000000  2.000000 -0.000000  0.000000  0.000000 -0.000000  0.000000  0.000000 -0.000000 -0.000000  0.000000 -0.000000 -0.000000  1.414214 -0.000000  1.414214 -0.000000
 15  2 -28.280586  2.000000  0.000000  0.000000 -0.000000  0.000000 -0.000000  0.000000  0.000000 -0.000000  0.000000 -0.000000  0.000000 -1.414214  0.000000 -1.414214  0.000000  2.000000  0.000000  0.000000 -0.000000 -0.000000 -0.000000  0.000000  0.000000 -0.000000 -0.000000  0.000000 -0.000000 -1.414214  0.000000 -1.414214 -0.000000
 17  2 -28.269008  2.000000  0.000000  0.000000 -0.000000 -0.000000 -0.000000  0.000000  0.000000  0.000000 -0.000000  0.000000  0.000000 -1.414214  0.000000 -1.414214  0.000000 -2.000000 -0.000000  0.000000  0.000000  0.000000 -0.000000  0.000000  0.000000  0.000000  0.000000 -0.000000  0.000000  1.414214 -0.000000  1.414214  0.000000
 19  2 -28.244753  2.000000  0.000000  0.000000 -0.000000  0.000000  0.000000  0.000000  0.000000 -0.000000 -0.000000 -0.000000 -0.000000  1.414214  0.000000  1.414214 -0.000000  2.000000 -0.000000  0.000000  0.000000  0.000000 -0.000000  0.000000  0.000000 -0.000000 -0.000000  0.000000 -0.000000  1.414214  0.000000  1.414214 -0.000000
 21  2 -28.239088  2.000000  0.000000 -0.000000 -0.000000  0.000000  0.000000  0.000000 -0.000000 -0.000000  0.000000 -0.000000 -0.000000  1.414214  0.000000  1.414214 -0.000000 -2.000000  0.000000  0.000000 -0.000000 -0.000000  0.000000  0.000000  0.000000  0.000000 -0.000000  0.000000 -0.000000 -1.414214 -0.000000 -1.414214  0.000000
 23  2 -28.158917  2.000000  0.000000 -0.000000 -0.000000 -0.000000  0.000000  0.000000  0.000000  0.000000  0.000000 -0.000000  0.000000 -1.414214  0.000000 -1.414214  0.000000  2.000000 -0.000000  0.000000  0.000000 -0.000000 -0.000000 -0.000000 -0.000000  0.000000  0.000000  0.000000 -0.000000 -1.414214  0.000000 -1.414214  0.000000
 25  2   1.579158  2.000000  0.000000 -0.000000 -0.000000  0.000000 -0.000000  0.000000  0.000000  0.000000 -0.000000 -0.000000 -0.000000 -1.414214 -0.000000 -1.414214  0.000000  2.000000 -0.000000 -0.000000 -0.000000  0.000000  0.000000 -0.000000  0.000000  0.000000 -0.000000 -0.000000  0.000000 -1.414214 -0.000000 -1.414214  0.000000
 27  2   1.603422  2.000000  0.000000  0.000000  0.000000 -0.000000  0.000000  0.000000 -0.000000 -0.000000 -0.000000  0.000000  0.000000  1.414214  0.000000  1.414214 -0.000000  2.000000  0.000000  0.000000 -0.000000 -0.000000  0.000000  0.000000 -0.000000 -0.000000 -0.000000  0.000000  0.000000  1.414214  0.000000  1.414214 -0.000000
 29  2   4.097705  2.000000  0.000000  0.000000  0.000000  0.000000  0.000000  0.000000 -0.000000 -0.000000  0.000000 -0.000000  0.000000 -1.414214 -0.000000 -1.414214  0.000000  2.000000 -0.000000  0.000000  0.000000  0.000000  0.000000  0.000000  0.000000  0.000000  0.000000 -0.000000  0.000000 -1.414214 -0.000000 -1.414214  0.000000
 31  2   4.129786  2.000000  0.000000 -0.000000  0.000000 -0.000000 -0.000000 -0.000000 -0.000000  0.000000  0.000000  0.000000  0.000000 -1.414214 -0.000000 -1.414214 -0.000000  2.000000 -0.000000 -0.000000  0.000000 -0.000000 -0.000000 -0.000000 -0.000000 -0.000000  0.000000  0.000000 -0.000000 -1.414214  0.000000 -1.414214 -0.000000
 33  2   4.153023  2.000000  0.000000  0.000000 -0.000000  0.000000 -0.000000  0.000000  0.000000  0.000000  0.000000  0.000000  0.000000  1.414214 -0.000000  1.414214  0.000000  2.000000  0.000000  0.000000 -0.000000  0.000000 -0.000000  0.000000  0.000000  0.000000  0.000000  0.000000 -0.000000  1.414214 -0.000000  1.414214  0.000000
 35  2   9.925532  2.000000  0.000000  0.000000 -0.000000  0.000000  0.000000  0.000000 -0.000000  0.000000  0.000000  0.000000  0.000000  1.414214  0.000000  1.414214  0.000000  2.000000  0.000000  0.000000 -0.000000  0.000000 -0.000000  0.000000  0.000000  0.000000  0.000000 -0.000000  0.000000  1.414214  0.000000  1.414214  0.000000
 37  2  12.422924  2.000000  0.000000 -0.000000  0.000000  0.000000  0.000000 -0.000000 -0.000000  0.000000  0.000000  0.000000  0.000000  1.414214 -0.000000  1.414214  0.000000 -2.000000  0.000000  0.000000 -0.000000 -0.000000 -0.000000  0.000000  0.000000  0.000000  0.000000  0.000000 -0.000000 -1.414214  0.000000 -1.414214 -0.000000
 39  2  14.939368  2.000000  0.000000 -0.000000 -0.000000  0.000000  0.000000 -0.000000 -0.000000 -0.000000  0.000000 -0.000000  0.000000  1.414214  0.000000  1.414214 -0.000000 -2.000000  0.000000  0.000000  0.000000 -0.000000 -0.000000  0.000000 -0.000000  0.000000  0.000000 -0.000000  0.000000 -1.414214 -0.000000 -1.414214 -0.000000
 41  2  15.252805  2.000000  0.000000  0.000000  0.000000 -0.000000 -0.000000 -0.000000  0.000000 -0.000000  0.000000 -0.000000  0.000000 -1.414214  0.000000 -1.414214  0.000000 -2.000000  0.000000 -0.000000  0.000000  0.000000  0.000000  0.000000 -0.000000 -0.000000 -0.000000  0.000000 -0.000000  1.414214  0.000000  1.414214  0.000000
 43  2  15.305498  2.000000  0.000000 -0.000000 -0.000000 -0.000000 -0.000000 -0.000000 -0.000000 -0.000000  0.000000 -0.000000 -0.000000  1.414214 -0.000000  1.414214  0.000000 -2.000000 -0.000000  0.000000  0.000000  0.000000  0.000000 -0.000000 -0.000000  0.000000  0.000000  0.000000 -0.000000 -1.414214  0.000000 -1.414214 -0.000000
 45  2  15.322358  2.000000  0.000000  0.000000 -0.000000 -0.000000 -0.000000  0.000000 -0.000000 -0.000000  0.000000 -0.000000  0.000000 -1.414214 -0.000000 -1.414214  0.000000 -2.000000 -0.000000 -0.000000  0.000000  0.000000 -0.000000 -0.000000 -0.000000  0.000000  0.000000 -0.000000  0.000000  1.414214 -0.000000  1.414214  0.000000
 47  2  16.245735  2.000000  0.000000  0.000000  0.000000  0.000000  0.000000  0.000000  0.000000 -0.000000  0.000000  0.000000 -0.000000 -1.414214  0.000000 -1.414214 -0.000000  2.000000 -0.000000  0.000000  0.000000  0.000000  0.000000  0.000000  0.000000 -0.000000 -0.000000 -0.000000 -0.000000 -1.414214 -0.000000 -1.414214  0.000000
 49  2  16.474263  2.000000  0.000000  0.000000  0.000000 -0.000000  0.000000 -0.000000 -0.000000  0.000000  0.000000  0.000000 -0.000000  1.414214  0.000000  1.414214 -0.000000  2.000000 -0.000000  0.000000 -0.000000 -0.000000 -0.000000  0.000000 -0.000000  0.000000 -0.000000 -0.000000 -0.000000  1.414214  0.000000  1.414214 -0.000000
 51  2  16.593125  2.000000  0.000000 -0.000000 -0.000000  0.000000 -0.000000  0.000000  0.000000 -0.000000 -0.000000 -0.000000  0.000000  1.414214  0.000000  1.414214  0.000000 -2.000000  0.000000  0.000000  0.000000 -0.000000  0.000000  0.000000 -0.000000 -0.000000  0.000000 -0.000000  0.000000 -1.414214 -0.000000 -1.414214  0.000000
 53  2  17.146588  2.000000  0.000000  0.000000 -0.000000 -0.000000  0.000000  0.000000  0.000000 -0.000000 -0.000000 -0.000000 -0.000000 -1.414214 -0.000000 -1.414214  0.000000  2.000000  0.000000  0.000000 -0.000000 -0.000000  0.000000  0.000000 -0.000000 -0.000000  0.000000  0.000000 -0.000000 -1.414214 -0.000000 -1.414214  0.000000
 55  2  17.713856  2.000000  0.000000 -0.000000  0.000000  0.000000  0.000000 -0.000000 -0.000000 -0.000000  0.000000  0.000000  0.000000 -1.414214  0.000000 -1.414214  0.000000  2.000000 -0.000000 -0.000000 -0.000000 -0.000000  0.000000 -0.000000  0.000000  0.000000  0.000000  0.000000 -0.000000 -1.414214 -0.000000 -1.414214 -0.000000
 57  2  18.006367  2.000000  0.000000 -0.000000 -0.000000  0.000000  0.000000 -0.000000  0.000000 -0.000000 -0.000000 -0.000000  0.000000 -1.414214 -0.000000 -1.414214  0.000000 -2.000000 -0.000000  0.000000 -0.000000 -0.000000 -0.000000  0.000000 -0.000000  0.000000  0.000000 -0.000000 -0.000000  1.414214  0.000000  1.414214 -0.000000
 59  2  18.015501  2.000000  0.000000 -0.000000 -0.000000 -0.000000  0.000000 -0.000000 -0.000000  0.000000  0.000000  0.000000 -0.000000  1.414214  0.000000  1.414214 -0.000000 -2.000000  0.000000  0.000000  0.000000 -0.000000 -0.000000  0.000000  0.000000  0.000000 -0.000000  0.000000  0.000000 -1.414214 -0.000000 -1.414214  0.000000
 61  2  18.085958  2.000000  0.000000  0.000000  0.000000  0.000000 -0.000000  0.000000  0.000000 -0.000000  0.000000  0.000000  0.000000  1.414214  0.000000  1.414214 -0.000000  2.000000 -0.000000  0.000000 -0.000000  0.000000 -0.000000  0.000000  0.000000 -0.000000  0.000000 -0.000000  0.000000  1.414214  0.000000  1.414214 -0.000000
 63  2  18.165716  2.000000  0.000000 -0.000000 -0.000000  0.000000 -0.000000  0.000000  0.000000 -0.000000  0.000000 -0.000000  0.000000 -1.414214  0.000000 -1.414214  0.000000 -2.000000 -0.000000  0.000000  0.000000  0.000000  0.000000 -0.000000 -0.000000  0.000000 -0.000000 -0.000000 -0.000000  1.414214  0.000000  1.414214  0.000000
 65  2  19.235052  2.000000  0.000000 -0.000000  0.000000  0.000000 -0.000000 -0.000000 -0.000000 -0.000000 -0.000000  0.000000 -0.000000 -1.414214 -0.000000 -1.414214 -0.000000 -2.000000 -0.000000  0.000000  0.000000 -0.000000  0.000000  0.000000  0.000000  0.000000 -0.000000 -0.000000 -0.000000  1.414214 -0.000000  1.414214  0.000000
 67  2  20.156733  2.000000  0.000000  0.000000 -0.000000  0.000000  0.000000  0.000000  0.000000  0.000000 -0.000000 -0.000000  0.000000  1.414214 -0.000000  1.414214  0.000000 -2.000000  0.000000 -0.000000  0.000000  0.000000  0.000000 -0.000000  0.000000  0.000000 -0.000000  0.000000 -0.000000 -1.414214  0.000000 -1.414214 -0.000000
 16
  1  2  3  4  5  6  7  8 25 26 27 28 29 30 31 32
  1  6 -77.894927  6.000000  0.000000 -0.000000  0.000000  0.000000 -0.000000 -0.000000  0.000000  0.000000 -0.000000 -0.000000 -0.000000 -1.414214  0.000000 -1.414214 -0.000000 -2.000000  0.000000  0.000000  0.000000 -0.000000  0.000000 -0.000000 -0.000000 -0.000000 -0.000000  0.000000  0.000000 -1.414214  0.000000 -1.414214 -0.000000
  7  2 -43.192985  2.000000  0.000000  0.000000 -0.000000 -0.000000 -0.000000 -0.000000  0.000000  0.000000 -0.000000 -0.000000  0.000000  1.414214  0.000000  1.414214 -0.000000  2.000000  0.000000  0.000000 -0.000000 -0.000000  0.000000  0.000000  0.000000 -0.000000 -0.000000 -0.000000 -0.000000  1.414214 -0.000000  1.414214  0.000000
  9  2 -43.192629  2.000000  0.000000 -0.000000 -0.000000  0.000000 -0.000000 -0.000000  0.000000 -0.000000 -0.000000 -0.000000 -0.000000 -1.414214  0.000000 -1.414214 -0.000000 -2.000000  0.000000  0.000000 -0.000000 -0.000000 -0.000000 -0.000000 -0.000000  0.000000 -0.000000  0.000000 -0.000000  1.414214  0.000000  1.414214 -0.000000
 11  2 -43.192463  2.000000  0.000000  0.000000 -0.000000 -0.000000 -0.000000 -0.000000 -0.000000  0.000000 -0.000000 -0.000000 -0.000000 -1.414214 -0.000000 -1.414214  0.000000  2.000000  0.000000  0.000000  0.000000 -0.000000 -0.000000 -0.000000 -0.000000 -0.000000 -0.000000  0.000000 -0.000000 -1.414214  0.000000 -1.414214 -0.000000
 13  2 -28.328295  2.000000  0.000000  0.000000  0.000000  0.000000 -0.000000 -0.000000 -0.000000  0.000000 -0.000000  0.000000  0.000000  1.414214  0.000000  1.414214 -0.000000  2.000000  0.000000  0.000000 -0.000000  0.000000 -0.000000  0.000000  0.000000  0.000000 -0.000000  0.000000  0.000000  1.414214  0.000000  1.414214 -0.000000
 15  2 -28.299666  2.000000  0.000000  0.000000  0.000000 -0.000000  0.000000 -0.000000 -0.000000  0.000000  0.000000  0.000000 -0.000000 -1.414214 -0.000000 -1.414214  0.000000  2.000000 -0.000000  0.000000  0.000000 -0.000000 -0.000000 -0.000000 -0.000000  0.000000  0.000000  0.000000 -0.000000 -1.414214 -0.000000 -1.414214  0.000000
 17  2 -28.271450  2.000000  0.000000 -0.000000  0.000000 -0.000000  0.000000  0.000000 -0.000000  0.000000  0.000000 -0.000000  0.000000  1.414214 -0.000000  1.414214  0.000000 -2.000000  0.000000  0.000000 -0.000000  0.000000 -0.000000 -0.000000 -0.000000 -0.000000  0.000000  0.000000 -0.000000 -1.414214 -0.000000 -1.414214  0.000000
 19  2 -28.238258  2.000000  0.000000  0.000000 -0.000000  0.000000 -0.000000  0.000000 -0.000000 -0.000000 -0.000000 -0.000000 -0.000000 -1.414214  0.000000 -1.414214 -0.000000 -2.000000  0.000000 -0.000000  0.000000 -0.000000  0.000000 -0.000000 -0.000000  0.000000 -0.000000  0.000000  0.000000  1.414214 -0.000000  1.414214  0.000000
 21  2 -28.208181  2.000000  0.000000  0.000000 -0.000000  0.000000 -0.000000  0.000000 -0.000000 -0.000000 -0.000000 -0.000000 -0.000000 -1.414214 -0.000000 -1.414214  0.000000  2.000000  0.000000  0.000000  0.000000 -0.000000  0.000000  0.000000 -0.000000 -0.000000 -0.000000 -0.000000 -0.000000 -1.414214 -0.000000 -1.414214  0.000000
 23  2 -28.182157  2.000000  0.000000  0.000000  0.000000 -0.000000 -0.000000 -0.000000  0.000000 -0.000000 -0.000000 -0.000000 -0.000000  1.414214 -0.000000  1.414214  0.000000  2.000000 -0.000000  0.000000 -0.000000 -0.000000 -0.000000 -0.000000  0.000000  0.000000  0.000000 -0.000000 -0.000000  1.414214  0.000000  1.414214 -0.000000
 25  2   1.597280  2.000000  0.000000 -0.000000 -0.000000  0.000000  0.000000  0.000000 -0.000000  0.000000 -0.000000  0.000000 -0.000000  1.414214  0.000000  1.414214  0.000000  2.000000  0.000000 -0.000000  0.000000  0.000000  0.000000  0.000000  0.000000  0.000000 -0.000000  0.000000 -0.000000  1.414214  0.000000  1.414214 -0.000000
 27  2   1.599853  2.000000  0.000000  0.000000 -0.000000  0.000000  0.000000 -0.000000 -0.000000  0.000000  0.000000  0.000000  0.000000 -1.414214  0.000000 -1.414214 -0.000000  2.000000  0.000000  0.000000 -0.000000 -0.000000  0.000000 -0.000000 -0.000000  0.000000  0.000000  0.000000  0.000000 -1.414214 -0.000000 -1.414214  0.000000
 29  2   4.102784  2.000000  0.000000  0.000000 -0.000000 -0.000000  0.000000 -0.000000 -0.000000  0.000000  0.000000  0.000000  0.000000 -1.414214  0.000000 -1.414214 -0.000000  2.000000 -0.000000  0.000000  0.000000 -0.000000 -0.000000 -0.000000 -0.000000  0.000000  0.000000  0.000000  0.000000 -1.414214 -0.000000 -1.414214  0.000000
 31  2   4.132208  2.000000  0.000000  0.000000 -0.000000  0.000000 -0.000000  0.000000 -0.000000  0.000000 -0.000000  0.000000  0.000000  1.414214 -0.000000  1.414214  0.000000  2.000000  0.000000  0.000000 -0.000000  0.000000 -0.000000  0.000000  0.000000  0.000000  0.000000  0.000000 -0.000000  1.414214 -0.000000  1.414214  0.000000
 33  2   4.187272  2.000000  0.000000  0.000000 -0.000000  0.000000  0.000000  0.000000  0.000000 -0.000000 -0.000000  0.000000  0.000000 -1.414214  0.000000 -1.414214 -0.000000  2.000000  0.000000  0.000000 -0.000000  0.000000  0.000000  0.000000 -0.000000 -0.000000 -0.000000 -0.000000 -0.000000 -1.414214 -0.000000 -1.414214  0.000000
 35  2  10.705758  2.000000  0.000000  0.000000 -0.000000  0.000000  0.000000  0.000000 -0.000000  0.000000 -0.000000  0.000000  0.000000  1.414214 -0.000000  1.414214  0.000000  2.000000  0.000000  0.000000  0.000000  0.000000 -0.000000  0.000000 -0.000000  0.000000 -0.000000  0.000000 -0.000000  1.414214 -0.000000  1.414214  0.000000
 37  2  13.762233  2.000000  0.000000 -0.000000  0.000000  0.000000  0.000000 -0.000000 -0.000000 -0.000000  0.000000  0.000000 -0.000000  1.414214 -0.000000  1.414214  0.000000 -2.000000 -0.000000  0.000000 -0.000000  0.000000 -0.000000 -0.000000 -0.000000  0.000000 -0.000000 -0.000000  0.000000 -1.414214 -0.000000 -1.414214 -0.000000
 39  2  13.872251  2.000000  0.000000 -0.000000 -0.000000 -0.000000 -0.000000 -0.000000  0.000000  0.000000  0.000000  0.000000  0.000000 -1.414214  0.000000 -1.414214 -0.000000 -2.000000 -0.000000  0.000000 -0.000000 -0.000000 -0.000000 -0.000000 -0.000000  0.000000 -0.000000  0.000000 -0.000000  1.414214  0.000000  1.414214 -0.000000
 41  2  14.952976  2.000000  0.000000  0.000000  0.000000 -0.000000 -0.000000  0.000000 -0.000000 -0.000000  0.000000 -0.000000  0.000000  1.414214  0.000000  1.414214 -0.000000 -2.000000 -0.000000 -0.000000 -0.000000  0.000000  0.000000  0.000000  0.000000  0.000000  0.000000  0.000000 -0.000000 -1.414214 -0.000000 -1.414214  0.000000
 43  2  15.727697  2.000000  0.000000 -0.000000  0.000000  0.000000  0.000000  0.000000 -0.000000 -0.000000 -0.000000 -0.000000  0.000000 -1.414214 -0.000000 -1.414214  0.000000 -2.000000 -0.000000  0.000000 -0.000000 -0.000000  0.000000 -0.000000  0.000000  0.000000  0.000000  0.000000  0.000000  1.414214  0.000000  1.414214 -0.000000
 45  2  15.827576  2.000000  0.000000 -0.000000 -0.000000  0.000000  0.000000  0.000000 -0.000000 -0.000000 -0.000000  0.000000  0.000000  1.414214 -0.000000  1.414214  0.000000 -2.000000  0.000000  0.000000  0.000000 -0.000000  0.000000  0.000000  0.000000 -0.000000  0.000000  0.000000 -0.000000 -1.414214 -0.000000 -1.414214  0.000000
 47  2  15.884757  2.000000  0.000000  0.000000 -0.000000 -0.000000 -0.000000 -0.000000 -0.000000  0.000000  0.000000  0.000000 -0.000000 -1.414214 -0.000000 -1.414214  0.000000  2.000000  0.000000  0.000000  0.000000  0.000000 -0.000000 -0.000000 -0.000000  0.000000  0.000000  0.000000 -0.000000 -1.414214  0.000000 -1.414214 -0.000000
 49  2  15.979352  2.000000  0.000000 -0.000000  0.000000  0.000000 -0.000000  0.000000  0.000000 -0.000000 -0.000000 -0.000000 -0.000000 -1.414214  0.000000 -1.414214 -0.000000 -2.000000 -0.000000 -0.000000 -0.000000 -0.000000  0.000000 -0.000000 -0.000000  0.000000 -0.000000  0.000000 -0.000000  1.414214 -0.000000  1.414214  0.000000
 51  2  16.671348  2.000000  0.000000 -0.000000  0.000000 -0.000000  0.000000 -0.000000 -0.000000 -0.000000 -0.000000  0.000000 -0.000000 -1.414214 -0.000000 -1.414214  0.000000  2.000000 -0.000000 -0.000000  0.000000  0.000000  0.000000  0.000000 -0.000000 -0.000000  0.000000  0.000000 -0.000000 -1.414214 -0.000000 -1.414214  0.000000
 53  2  16.808558  2.000000  0.000000 -0.000000 -0.000000 -0.000000  0.000000 -0.000000  0.000000 -0.000000 -0.000000 -0.000000  0.000000  1.414214  0.000000  1.414214 -0.000000  2.000000 -0.000000 -0.000000  0.000000 -0.000000 -0.000000 -0.000000  0.000000 -0.000000 -0.000000  0.000000  0.000000  1.414214 -0.000000  1.414214  0.000000
 55  2  17.589352  2.000000  0.000000 -0.000000 -0.000000  0.000000  0.000000  0.000000 -0.000000 -0.000000 -0.000000 -0.000000  0.000000  1.414214 -0.000000  1.414214  0.000000 -2.000000  0.000000  0.000000  0.000000  0.000000 -0.000000  0.000000  0.000000  0.000000  0.000000  0.000000 -0.000000 -1.414214  0.000000 -1.414214 -0.000000
 57  2  17.718936  2.000000  0.000000 -0.000000  0.000000 -0.000000  0.000000  0.000000  0.000000  0.000000  0.000000  0.000000  0.000000 -1.414214 -0.000000 -1.414214  0.000000 -2.000000  0.000000  0.000000 -0.000000 -0.000000 -0.000000 -0.000000  0.000000 -0.000000  0.000000 -0.000000  0.000000  1.414214  0.000000  1.414214 -0.000000
 59  2  17.797050  2.000000  0.000000  0.000000  0.000000 -0.000000  0.000000 -0.000000 -0.000000 -0.000000 -0.000000 -0.000000 -0.000000  1.414214 -0.000000  1.414214  0.000000  2.000000  0.000000  0.000000  0.000000 -0.000000  0.000000 -0.000000 -0.000000 -0.000000  0.000000 -0.000000  0.000000  1.414214 -0.000000  1.414214  0.000000
 61  2  18.212947  2.000000  0.000000  0.000000 -0.000000 -0.000000  0.000000 -0.000000  0.000000  0.000000 -0.000000  0.000000 -0.000000 -1.414214  0.000000 -1.414214 -0.000000  2.000000  0.000000  0.000000 -0.000000 -0.000000  0.000000  0.000000 -0.000000  0.000000  0.000000  0.000000  0.000000 -1.414214  0.000000 -1.414214 -0.000000
 63  2  18.418021  2.000000  0.000000  0.000000 -0.000000 -0.000000 -0.000000  0.000000  0.000000  0.000000  0.000000  0.000000  0.000000 -1.414214 -0.000000 -1.414214  0.000000 -2.000000  0.000000 -0.000000  0.000000  0.000000 -0.000000  0.000000 -0.000000 -0.000000 -0.000000 -0.000000 -0.000000  1.414214  0.000000  1.414214 -0.000000
 65  2  18.537017  2.000000  0.000000  0.000000  0.000000 -0.000000  0.000000 -0.000000 -0.000000 -0.000000  0.000000 -0.000000 -0.000000  1.414214 -0.000000  1.414214  0.000000 -2.000000 -0.000000 -0.000000 -0.000000  0.000000 -0.000000 -0.000000  0.000000  0.000000  0.000000 -0.000000  0.000000 -1.414214  0.000000 -1.414214 -0.000000
 67  2  18.895120  2.000000  0.000000  0.000000  0.000000  0.000000 -0.000000 -0.000000  0.000000  0.000000  0.000000  0.000000 -0.000000  1.414214 -0.000000  1.414214  0.000000  2.000000  0.000000  0.000000  0.000000 -0.000000  0.000000  0.000000 -0.000000 -0.000000  0.000000  0.000000 -0.000000  1.414214 -0.000000  1.414214  0.000000
 48
  1  2  3  4  5  6  7  8  9 10 11 12 13 14 15 16 17 18 19 20 21 22 23 24 25 26 27 28 29 30 31 32 33 34 35 36 37 38 39 40 41 42 43 44 45 46 47 48
  1  6 -77.894916  6.000000  0.000000 -0.000000  0.000000 -0.000000 -0.000000 -0.000000  0.000000  0.000000  0.000000 -0.000000 -0.000000 -1.414214  0.000000 -1.414214 -0.000000  0.000000 -0.000000  0.000000  0.000000 -1.414214  0.000000 -1.414214 -0.000000  0.000000  0.000000 -0.000000  0.000000 -1.414214  0.000000 -1.414214  0.000000 -0.000000 -0.000000 -0.000000 -0.000000 -0.000000 -0.000000 -0.000000  0.000000 -0.000000  0.000000  0.000000  0.000000  0.000000  0.000000 -0.000000 -0.000000  6.000000  0.000000 -0.000000 -0.000000  0.000000 -0.000000 -0.000000  0.000000  0.000000 -0.000000  0.000000  0.000000 -1.414214 -0.000000 -1.414214  0.000000 -0.000000 -0.000000  0.000000 -0.000000 -1.414214  0.000000 -1.414214 -0.000000 -0.000000 -0.000000 -0.000000 -0.000000 -1.414214 -0.000000 -1.414214  0.000000  0.000000 -0.000000 -0.000000  0.000000 -0.000000  0.000000 -0.000000  0.000000  0.000000 -0.000000 -0.000000 -0.000000  0.000000  0.000000 -0.000000 -0.000000
  7  4 -43.193088  4.000000  0.000000  0.000000  0.000000  0.000000  0.000000 -0.000000 -0.000000 -0.000000  0.000000 -0.000000 -0.000000  0.000000  0.000000  0.000000 -0.000000  0.000000 -0.000000 -0.000000  0.000000 -0.000000  0.000000 -0.000000 -0.000000  0.000000 -0.000000 -0.000000 -0.000000 -0.000000 -0.000000  0.000000 -0.000000 -1.000000  0.000000 -1.000000  0.000000 -1.000000  0.000000 -1.000000  0.000000 -1.000000 -0.000000 -1.000000 -0.000000 -1.000000 -0.000000 -1.000000 -0.000000 -4.000000  0.000000 -0.000000 -0.000000 -0.000000  0.000000 -0.000000 -0.000000 -0.000000 -0.000000  0.000000  0.000000 -0.000000  0.000000 -0.000000 -0.000000  0.000000  0.000000 -0.000000 -0.000000  0.000000  0.000000  0.000000  0.000000 -0.000000  0.000000  0.000000  0.000000  0.000000 -0.000000 -0.000000  0.000000  1.000000  0.000000  1.000000 -0.000000  1.000000 -0.000000  1.000000 -0.000000  1.000000  0.000000  1.000000  0.000000  1.000000 -0.000000  1.000000 -0.000000
 11  2 -43.192473  2.000000  0.000000  0.000000  0.000000  0.000000  0.000000 -0.000000 -0.000000 -0.000000 -0.000000 -0.000000 -0.000000 -1.414214 -0.000000 -1.414214 -0.000000  0.000000  0.000000  0.000000 -0.000000 -1.414214  0.000000 -1.414214  0.000000  0.000000  0.000000 -0.000000  0.000000 -1.414214  0.000000 -1.414214  0.000000  1.000000 -0.000000  1.000000  0.000000  1.000000 -0.000000  1.000000 -0.000000  1.000000  0.000000  1.000000  0.000000  1.000000 -0.000000  1.000000  0.000000 -2.000000  0.000000 -0.000000  0.000000  0.000000 -0.000000  0.000000  0.000000  0.000000 -0.000000  0.000000  0.000000  1.414214  0.000000  1.414214 -0.000000 -0.000000 -0.000000 -0.000000  0.000000  1.414214  0.000000  1.414214 -0.000000  0.000000  0.000000  0.000000 -0.000000  1.414214  0.000000  1.414214  0.000000 -1.000000  0.000000 -1.000000  0.000000 -1.000000 -0.000000 -1.000000  0.000000 -1.000000  0.000000 -1.000000  0.000000 -1.000000 -0.000000 -1.000000  0.000000
 13  2 -28.373478  2.000000  0.000000 -0.000000 -0.000000 -0.000000  0.000000 -0.000000  0.000000 -0.000000 -0.000000 -0.000000  0.000000  1.414214 -0.000000  1.414214  0.000000 -0.000000 -0.000000  0.000000 -0.000000  1.414214  0.000000  1.414214 -0.000000  0.000000  0.000000  0.000000 -0.000000  1.414214  0.000000  1.414214 -0.000000  1.000000  0.000000  1.000000  0.000000  1.000000  0.000000  1.000000 -0.000000  1.000000 -0.000000  1.000000 -0.000000  1.000000 -0.000000  1.000000  0.000000 -2.000000 -0.000000  0.000000  0.000000 -0.000000 -0.000000  0.000000 -0.000000  0.000000 -0.000000  0.000000 -0.000000 -1.414214 -0.000000 -1.414214  0.000000 -0.000000  0.000000  0.000000 -0.000000 -1.414214 -0.000000 -1.414214  0.000000 -0.000000  0.000000 -0.000000 -0.000000 -1.414214 -0.000000 -1.414214  0.000000 -1.000000 -0.000000 -1.000000  0.000000 -1.000000 -0.000000 -1.000000 -0.000000 -1.000000 -0.000000 -1.000000  0.000000 -1.000000  0.000000 -1.000000  0.000000
 15  2 -28.338387  2.000000  0.000000  0.000000 -0.000000  0.000000  0.000000  0.000000  0.000000  0.000000  0.000000  0.000000 -0.000000 -1.414214  0.000000 -1.414214 -0.000000 -0.000000  0.000000 -0.000000  0.000000 -1.414214  0.000000 -1.414214 -0.000000 -0.000000 -0.000000  0.000000 -0.000000 -1.414214  0.000000 -1.414214  0.000000  1.000000 -0.000000  1.000000 -0.000000  1.000000 -0.000000  1.000000 -0.000000  1.000000 -0.000000  1.000000  0.000000  1.000000  0.000000  1.000000 -0.000000 -2.000000 -0.000000 -0.000000  0.000000 -0.000000  0.000000  0.000000  0.000000 -0.000000  0.000000  0.000000  0.000000  1.414214 -0.000000  1.414214  0.000000 -0.000000 -0.000000  0.000000  0.000000  1.414214 -0.000000  1.414214  0.000000 -0.000000  0.000000 -0.000000  0.000000  1.414214 -0.000000  1.414214  0.000000 -1.000000 -0.000000 -1.000000 -0.000000 -1.000000  0.000000 -1.000000  0.000000 -1.000000  0.000000 -1.000000  0.000000 -1.000000 -0.000000 -1.000000  0.000000
 17  4 -28.257526  4.000000  0.000000  0.000000 -0.000000 -0.000000 -0.000000  0.000000 -0.000000  0.000000  0.000000 -0.000000 -0.000000  0.000000 -0.000000  0.000000  0.000000 -0.000000 -0.000000 -0.000000  0.000000  0.000000 -0.000000  0.000000 -0.000000  0.000000  0.000000  0.000000  0.000000 -0.000000 -0.000000 -0.000000  0.000000 -1.000000 -0.000000 -1.000000 -0.000000 -1.000000  0.000000 -1.000000 -0.000000 -1.000000  0.000000 -1.000000  0.000000 -1.000000 -0.000000 -1.000000  0.000000 -4.000000  0.000000  0.000000  0.000000  0.000000  0.000000  0.000000  0.000000  0.000000  0.000000  0.000000 -0.000000 -0.000000  0.000000 -0.000000 -0.000000 -0.000000  0.000000  0.000000 -0.000000  0.000000 -0.000000  0.000000  0.000000  0.000000 -0.000000 -0.000000 -0.000000 -0.000000 -0.000000 -0.000000  0.000000  1.000000 -0.000000  1.000000  0.000000  1.000000  0.000000  1.000000 -0.000000  1.000000  0.000000  1.000000  0.000000  1.000000  0.000000  1.000000  0.000000
 21  4 -28.150403  4.000000  0.000000  0.000000  0.000000 -0.000000 -0.000000  0.000000 -0.000000  0.000000  0.000000  0.000000 -0.000000 -0.000000 -0.000000 -0.000000  0.000000  0.000000  0.000000  0.000000  0.000000 -0.000000 -0.000000  0.000000  0.000000  0.000000 -0.000000  0.000000 -0.000000  0.000000  0.000000  0.000000 -0.000000 -1.000000  0.000000 -1.000000  0.000000 -1.000000  0.000000 -1.000000 -0.000000 -1.000000  0.000000 -1.000000  0.000000 -1.000000 -0.000000 -1.000000  0.000000 -4.000000 -0.000000 -0.000000 -0.000000 -0.000000 -0.000000  0.000000 -0.000000 -0.000000 -0.000000  0.000000  0.000000  0.000000 -0.000000  0.000000 -0.000000 -0.000000 -0.000000  0.000000  0.000000 -0.000000 -0.000000  0.000000 -0.000000 -0.000000 -0.000000 -0.000000  0.000000  0.000000  0.000000 -0.000000 -0.000000  1.000000 -0.000000  1.000000  0.000000  1.000000  0.000000  1.000000 -0.000000  1.000000  0.000000  1.000000  0.000000  1.000000  0.000000  1.000000  0.000000
 25  4   1.581397  4.000000  0.000000  0.000000  0.000000 -0.000000 -0.000000  0.000000 -0.000000 -0.000000 -0.000000 -0.000000  0.000000 -0.000000  0.000000 -0.000000 -0.000000  0.000000  0.000000 -0.000000 -0.000000  0.000000  0.000000  0.000000 -0.000000 -0.000000  0.000000  0.000000  0.000000  0.000000  0.000000 -0.000000 -0.000000 -1.000000 -0.000000 -1.000000 -0.000000 -1.000000  0.000000 -1.000000 -0.000000 -1.000000  0.000000 -1.000000  0.000000 -1.000000  0.000000 -1.000000 -0.000000  4.000000 -0.000000  0.000000  0.000000  0.000000 -0.000000  0.000000 -0.000000 -0.000000 -0.000000 -0.000000  0.000000 -0.000000 -0.000000 -0.000000 -0.000000 -0.000000  0.000000  0.000000 -0.000000 -0.000000  0.000000  0.000000 -0.000000 -0.000000  0.000000  0.000000  0.000000 -0.000000 -0.000000 -0.000000 -0.000000 -1.000000 -0.000000 -1.000000 -0.000000 -1.000000  0.000000 -1.000000 -0.000000 -1.000000  0.000000 -1.000000  0.000000 -1.000000  0.000000 -1.000000 -0.000000
 29  2   4.048802  2.000000  0.000000 -0.000000 -0.000000 -0.000000  0.000000 -0.000000  0.000000  0.000000 -0.000000 -0.000000  0.000000 -1.414214 -0.000000 -1.414214  0.000000  0.000000  0.000000 -0.000000  0.000000 -1.414214 -0.000000 -1.414214  0.000000 -0.000000  0.000000 -0.000000  0.000000 -1.414214 -0.000000 -1.414214  0.000000  1.000000 -0.000000  1.000000 -0.000000  1.000000 -0.000000  1.000000 -0.000000  1.000000  0.000000  1.000000 -0.000000  1.000000 -0.000000  1.000000  0.000000  2.000000  0.000000 -0.000000  0.000000 -0.000000 -0.000000 -0.000000  0.000000  0.000000  0.000000  0.000000 -0.000000 -1.414214  0.000000 -1.414214 -0.000000  0.000000  0.000000  0.000000  0.000000 -1.414214  0.000000 -1.414214 -0.000000 -0.000000  0.000000 -0.000000  0.000000 -1.414214 -0.000000 -1.414214 -0.000000  1.000000 -0.000000  1.000000  0.000000  1.000000  0.000000  1.000000  0.000000  1.000000  0.000000  1.000000  0.000000  1.000000 -0.000000  1.000000 -0.000000
 31  4   4.147562  4.000000  0.000000  0.000000  0.000000  0.000000 -0.000000  0.000000  0.000000 -0.000000 -0.000000  0.000000 -0.000000 -0.000000  0.000000 -0.000000 -0.000000  0.000000 -0.000000 -0.000000 -0.000000 -0.000000 -0.000000 -0.000000 -0.000000  0.000000 -0.000000  0.000000 -0.000000 -0.000000 -0.000000 -0.000000  0.000000 -1.000000  0.000000 -1.000000 -0.000000 -1.000000  0.000000 -1.000000 -0.000000 -1.000000 -0.000000 -1.000000  0.000000 -1.000000  0.000000 -1.000000 -0.000000  4.000000  0.000000  0.000000  0.000000  0.000000 -0.000000  0.000000  0.000000 -0.000000 -0.000000 -0.000000 -0.000000 -0.000000 -0.000000 -0.000000  0.000000  0.000000 -0.000000 -0.000000 -0.000000 -0.000000 -0.000000  0.000000 -0.000000  0.000000  0.000000  0.000000 -0.000000  0.000000  0.000000  0.000000 -0.000000 -1.000000  0.000000 -1.000000  0.000000 -1.000000  0.000000 -1.000000  0.000000 -1.000000 -0.000000 -1.000000  0.000000 -1.000000 -0.000000 -1.000000  0.000000
 35  2  10.313385  2.000000  0.000000  0.000000 -0.000000  0.000000  0.000000  0.000000  0.000000  0.000000 -0.000000  0.000000  0.000000  1.414214 -0.000000  1.414214  0.000000 -0.000000  0.000000 -0.000000  0.000000  1.414214  0.000000  1.414214 -0.000000 -0.000000  0.000000 -0.000000 -0.000000  1.414214 -0.000000  1.414214 -0.000000  1.000000 -0.000000  1.000000  0.000000  1.000000 -0.000000  1.000000 -0.000000  1.000000  0.000000  1.000000  0.000000  1.000000 -0.000000  1.000000  0.000000  2.000000 -0.000000  0.000000  0.000000  0.000000  0.000000  0.000000 -0.000000  0.000000 -0.000000  0.000000  0.000000  1.414214  0.000000  1.414214 -0.000000  0.000000  0.000000 -0.000000 -0.000000  1.414214  0.000000  1.414214 -0.000000 -0.000000 -0.000000 -0.000000 -0.000000  1.414214 -0.000000  1.414214  0.000000  1.000000  0.000000  1.000000  0.000000  1.000000  0.000000  1.000000 -0.000000  1.000000  0.000000  1.000000 -0.000000  1.000000 -0.000000  1.000000 -0.000000
 37  4  14.500183  4.000000  0.000000 -0.000000  0.000000 -0.000000  0.000000 -0.000000 -0.000000  0.000000 -0.000000  0.000000 -0.000000 -0.000000  0.000000 -0.000000 -0.000000  0.000000 -0.000000  0.000000  0.000000 -0.000000  0.000000  0.000000  0.000000 -0.000000 -0.000000  0.000000 -0.000000 -0.000000 -0.000000 -0.000000  0.000000 -1.000000 -0.000000 -1.000000 -0.000000 -1.000000  0.000000 -1.000000  0.000000 -1.000000 -0.000000 -1.000000  0.000000 -1.000000  0.000000 -1.000000 -0.000000  4.000000  0.000000 -0.000000  0.000000 -0.000000  0.000000  0.000000  0.000000  0.000000 -0.000000  0.000000  0.000000  0.000000  0.000000  0.000000  0.000000 -0.000000 -0.000000  0.000000  0.000000  0.000000  0.000000  0.000000  0.000000 -0.000000 -0.000000  0.000000 -0.000000 -0.000000  0.000000 -0.000000 -0.000000 -1.000000 -0.000000 -1.000000 -0.000000 -1.000000  0.000000 -1.000000  0.000000 -1.000000  0.000000 -1.000000  0.000000 -1.000000  0.000000 -1.000000 -0.000000
 41  2  14.538113  2.000000  0.000000 -0.000000  0.000000  0.000000  0.000000 -0.000000  0.000000 -0.000000  0.000000  0.000000  0.000000 -1.414214 -0.000000 -1.414214  0.000000 -0.000000  0.000000 -0.000000 -0.000000 -1.414214  0.000000 -1.414214  0.000000  0.000000  0.000000  0.000000 -0.000000 -1.414214 -0.000000 -1.414214 -0.000000  1.000000 -0.000000  1.000000  0.000000  1.000000 -0.000000  1.000000 -0.000000  1.000000 -0.000000  1.000000  0.000000  1.000000 -0.000000  1.000000  0.000000  2.000000  0.000000 -0.000000 -0.000000 -0.000000  0.000000  0.000000 -0.000000 -0.000000  0.000000  0.000000  0.000000 -1.414214  0.000000 -1.414214 -0.000000  0.000000  0.000000  0.000000 -0.000000 -1.414214 -0.000000 -1.414214 -0.000000  0.000000  0.000000  0.000000 -0.000000 -1.414214  0.000000 -1.414214  0.000000  1.000000 -0.000000  1.000000  0.000000  1.000000 -0.000000  1.000000  0.000000  1.000000  0.000000  1.000000  0.000000  1.000000 -0.000000  1.000000  0.000000
 43  4  16.149167  4.000000  0.000000 -0.000000  0.000000  0.000000  0.000000 -0.000000  0.000000 -0.000000 -0.000000 -0.000000 -0.000000 -0.000000 -0.000000 -0.000000  0.000000  0.000000 -0.000000 -0.000000  0.000000 -0.000000  0.000000  0.000000  0.000000  0.000000 -0.000000 -0.000000 -0.000000 -0.000000 -0.000000  0.000000  0.000000 -1.000000 -0.000000 -1.000000 -0.000000 -1.000000 -0.000000 -1.000000 -0.000000 -1.000000 -0.000000 -1.000000  0.000000 -1.000000  0.000000 -1.000000  0.000000  4.000000  0.000000 -0.000000 -0.000000 -0.000000 -0.000000 -0.000000  0.000000 -0.000000 -0.000000 -0.000000  0.000000  0.000000 -0.000000  0.000000  0.000000  0.000000 -0.000000 -0.000000  0.000000 -0.000000  0.000000  0.000000 -0.000000  0.000000  0.000000 -0.000000 -0.000000 -0.000000  0.000000  0.000000  0.000000 -1.000000 -0.000000 -1.000000 -0.000000 -1.000000  0.000000 -1.000000  0.000000 -1.000000 -0.000000 -1.000000  0.000000 -1.000000  0.000000 -1.000000 -0.000000
 47  2  16.668858  2.000000  0.000000 -0.000000 -0.000000 -0.000000 -0.000000 -0.000000  0.000000 -0.000000 -0.000000 -0.000000  0.000000  1.414214 -0.000000  1.414214  0.000000 -0.000000  0.000000 -0.000000 -0.000000  1.414214  0.000000  1.414214 -0.000000  0.000000 -0.000000  0.000000  0.000000  1.414214  0.000000  1.414214 -0.000000  1.000000  0.000000  1.000000 -0.000000  1.000000  0.000000  1.000000  0.000000  1.000000  0.000000  1.000000 -0.000000  1.000000  0.000000  1.000000 -0.000000 -2.000000 -0.000000  0.000000  0.000000  0.000000 -0.000000  0.000000  0.000000  0.000000 -0.000000  0.000000  0.000000 -1.414214 -0.000000 -1.414214  0.000000 -0.000000  0.000000 -0.000000  0.000000 -1.414214  0.000000 -1.414214  0.000000 -0.000000  0.000000 -0.000000 -0.000000 -1.414214 -0.000000 -1.414214 -0.000000 -1.000000 -0.000000 -1.000000  0.000000 -1.000000  0.000000 -1.000000  0.000000 -1.000000  0.000000 -1.000000 -0.000000 -1.000000  0.000000 -1.000000  0.000000
 49  2  16.997760  2.000000  0.000000 -0.000000 -0.000000 -0.000000  0.000000  0.000000 -0.000000 -0.000000  0.000000 -0.000000 -0.000000  1.414214  0.000000  1.414214 -0.000000 -0.000000  0.000000 -0.000000  0.000000  1.414214  0.000000  1.414214 -0.000000  0.000000 -0.000000 -0.000000 -0.000000  1.414214 -0.000000  1.414214  0.000000  1.000000 -0.000000  1.000000  0.000000  1.000000  0.000000  1.000000  0.000000  1.000000  0.000000  1.000000  0.000000  1.000000  0.000000  1.000000 -0.000000  2.000000 -0.000000 -0.000000  0.000000  0.000000  0.000000 -0.000000 -0.000000 -0.000000  0.000000  0.000000 -0.000000  1.414214  0.000000  1.414214 -0.000000 -0.000000 -0.000000 -0.000000  0.000000  1.414214  0.000000  1.414214 -0.000000  0.000000  0.000000 -0.000000 -0.000000  1.414214 -0.000000  1.414214  0.000000  1.000000  0.000000  1.000000  0.000000  1.000000  0.000000  1.000000  0.000000  1.000000 -0.000000  1.000000  0.000000  1.000000 -0.000000  1.000000 -0.000000
 51  4  17.259017  4.000000  0.000000 -0.000000  0.000000  0.000000  0.000000  0.000000 -0.000000 -0.000000 -0.000000 -0.000000  0.000000 -0.000000 -0.000000 -0.000000  0.000000 -0.000000 -0.000000  0.000000 -0.000000  0.000000  0.000000  0.000000 -0.000000 -0.000000 -0.000000 -0.000000 -0.000000 -0.000000  0.000000 -0.000000 -0.000000 -1.000000 -0.000000 -1.000000  0.000000 -1.000000 -0.000000 -1.000000  0.000000 -1.000000  0.000000 -1.000000 -0.000000 -1.000000 -0.000000 -1.000000 -0.000000 -4.000000 -0.000000  0.000000  0.000000 -0.000000 -0.000000  0.000000  0.000000  0.000000 -0.000000  0.000000  0.000000 -0.000000  0.000000 -0.000000 -0.000000  0.000000 -0.000000 -0.000000  0.000000  0.000000 -0.000000  0.000000 -0.000000 -0.000000 -0.000000  0.000000 -0.000000  0.000000  0.000000  0.000000  0.000000  1.000000  0.000000  1.000000 -0.000000  1.000000 -0.000000  1.000000  0.000000  1.000000 -0.000000  1.000000  0.000000  1.000000  0.000000  1.000000  0.000000
 55  4  17.822288  4.000000  0.000000 -0.000000  0.000000 -0.000000 -0.000000 -0.000000 -0.000000  0.000000 -0.000000  0.000000  0.000000  0.000000  0.000000  0.000000 -0.000000  0.000000 -0.000000 -0.000000 -0.000000  0.000000 -0.000000 -0.000000  0.000000 -0.000000  0.000000 -0.000000  0.000000 -0.000000 -0.000000  0.000000  0.000000 -1.000000 -0.000000 -1.000000  0.000000 -1.000000  0.000000 -1.000000 -0.000000 -1.000000  0.000000 -1.000000  0.000000 -1.000000  0.000000 -1.000000  0.000000  4.000000  0.000000 -0.000000  0.000000  0.000000  0.000000 -0.000000 -0.000000  0.000000 -0.000000 -0.000000  0.000000  0.000000 -0.000000  0.000000 -0.000000 -0.000000 -0.000000 -0.000000 -0.000000  0.000000  0.000000 -0.000000  0.000000 -0.000000  0.000000  0.000000  0.000000 -0.000000 -0.000000  0.000000 -0.000000 -1.000000 -0.000000 -1.000000 -0.000000 -1.000000 -0.000000 -1.000000 -0.000000 -1.000000  0.000000 -1.000000  0.000000 -1.000000  0.000000 -1.000000 -0.000000
 59  2  17.854162  2.000000  0.000000 -0.000000 -0.000000 -0.000000  0.000000 -0.000000 -0.000000 -0.000000 -0.000000  0.000000 -0.000000 -1.414214  0.000000 -1.414214 -0.000000  0.000000 -0.000000 -0.000000  0.000000 -1.414214 -0.000000 -1.414214 -0.000000  0.000000 -0.000000  0.000000  0.000000 -1.414214  0.000000 -1.414214 -0.000000  1.000000  0.000000  1.000000  0.000000  1.000000  0.000000  1.000000 -0.000000  1.000000  0.000000  1.000000  0.000000  1.000000  0.000000  1.000000 -0.000000  2.000000 -0.000000 -0.000000 -0.000000 -0.000000  0.000000  0.000000  0.000000 -0.000000 -0.000000  0.000000  0.000000 -1.414214  0.000000 -1.414214 -0.000000 -0.000000 -0.000000 -0.000000 -0.000000 -1.414214  0.000000 -1.414214  0.000000  0.000000 -0.000000  0.000000  0.000000 -1.414214  0.000000 -1.414214 -0.000000  1.000000 -0.000000  1.000000  0.000000  1.000000  0.000000  1.000000  0.000000  1.000000  0.000000  1.000000 -0.000000  1.000000 -0.000000  1.000000 -0.000000
 61  4  18.448891  4.000000  0.000000  0.000000  0.000000  0.000000 -0.000000  0.000000  0.000000 -0.000000  0.000000 -0.000000 -0.000000 -0.000000  0.000000 -0.000000 -0.000000 -0.000000  0.000000  0.000000  0.000000  0.000000 -0.000000 -0.000000 -0.000000 -0.000000  0.000000  0.000000 -0.000000 -0.000000  0.000000  0.000000  0.000000 -1.000000 -0.000000 -1.000000 -0.000000 -1.000000  0.000000 -1.000000 -0.000000 -1.000000 -0.000000 -1.000000  0.000000 -1.000000 -0.000000 -1.000000  0.000000  4.000000  0.000000  0.000000 -0.000000  0.000000 -0.000000  0.000000  0.000000  0.000000  0.000000 -0.000000  0.000000 -0.000000  0.000000 -0.000000 -0.000000 -0.000000  0.000000 -0.000000  0.000000  0.000000 -0.000000 -0.000000 -0.000000  0.000000  0.000000  0.000000 -0.000000  0.000000 -0.000000  0.000000  0.000000 -1.000000 -0.000000 -1.000000  0.000000 -1.000000 -0.000000 -1.000000  0.000000 -1.000000 -0.000000 -1.000000 -0.000000 -1.000000 -0.000000 -1.000000  0.000000
 65  2  19.046176  2.000000  0.000000 -0.000000 -0.000000 -0.000000  0.000000  0.000000 -0.000000  0.000000 -0.000000 -0.000000  0.000000  1.414214 -0.000000  1.414214  0.000000  0.000000  0.000000  0.000000  0.000000  1.414214  0.000000  1.414214 -0.000000  0.000000  0.000000 -0.000000  0.000000  1.414214 -0.000000  1.414214 -0.000000  1.000000 -0.000000  1.000000  0.000000  1.000000 -0.000000  1.000000  0.000000  1.000000  0.000000  1.000000  0.000000  1.000000 -0.000000  1.000000  0.000000  2.000000  0.000000  0.000000  0.000000 -0.000000  0.000000  0.000000 -0.000000 -0.000000  0.000000 -0.000000 -0.000000  1.414214 -0.000000  1.414214  0.000000 -0.000000  0.000000  0.000000  0.000000  1.414214 -0.000000  1.414214 -0.000000  0.000000  0.000000  0.000000  0.000000  1.414214 -0.000000  1.414214  0.000000  1.000000  0.000000  1.000000  0.000000  1.000000 -0.000000  1.000000  0.000000  1.000000 -0.000000  1.000000 -0.000000  1.000000 -0.000000  1.000000  0.000000
 67  2  19.498490  2.000000  0.000000  0.000000  0.000000 -0.000000  0.000000  0.000000  0.000000 -0.000000 -0.000000  0.000000 -0.000000 -1.414214  0.000000 -1.414214 -0.000000  0.000000 -0.000000  0.000000  0.000000 -1.414214 -0.000000 -1.414214  0.000000 -0.000000 -0.000000  0.000000 -0.000000 -1.414214  0.000000 -1.414214 -0.000000  1.000000 -0.000000  1.000000  0.000000  1.000000  0.000000  1.000000 -0.000000  1.000000  0.000000  1.000000  0.000000  1.000000 -0.000000  1.000000 -0.000000 -2.000000 -0.000000 -0.000000 -0.000000 -0.000000 -0.000000 -0.000000 -0.000000  0.000000  0.000000  0.000000  0.000000  1.414214 -0.000000  1.414214  0.000000  0.000000  0.000000 -0.000000 -0.000000  1.414214  0.000000  1.414214 -0.000000  0.000000  0.000000  0.000000  0.000000  1.414214 -0.000000  1.414214  0.000000 -1.000000  0.000000 -1.000000 -0.000000 -1.000000 -0.000000 -1.000000 -0.000000 -1.000000 -0.000000 -1.000000  0.000000 -1.000000  0.000000 -1.000000  0.000000
