  8
  1
 48
  1  0  0  0  1  0  0  0  1  0.000000  0.000000  0.000000  1.000000  0.000000  0.000000  0.000000  0.000000  0.000000  1.000000  0.000000
  0  1  0  1  0  0 -1 -1 -1  0.000000  0.000000 -0.500000  0.000000 -1.000000  0.000000  0.000000  0.000000  0.000000  0.000000  1.000000
  0  0  1 -1 -1 -1  1  0  0  0.000000 -0.500000  0.000000  0.000000  0.000000 -1.000000  0.000000  1.000000  0.000000  0.000000  0.000000
 -1 -1 -1  0  0  1  0  1  0 -0.500000  0.000000  0.000000  0.000000  0.000000  0.000000 -1.000000  0.000000 -1.000000  0.000000  0.000000
 -1  0  0  0 -1  0  1  1  1  0.000000  0.000000  0.500000  0.000000  0.000000 -0.707107 -0.707107  0.707107 -0.707107  0.000000  0.000000
  0 -1  0 -1  0  0  0  0 -1  0.000000  0.000000  0.000000  0.000000  0.000000 -0.707107  0.707107  0.707107  0.707107  0.000000  0.000000
  0  0 -1  1  1  1  0 -1  0  0.000000  0.500000  0.000000  0.707107  0.707107  0.000000  0.000000  0.000000  0.000000  0.707107 -0.707107
  1  1  1  0  0 -1 -1  0  0  0.500000  0.000000  0.000000  0.707107 -0.707107  0.000000  0.000000  0.000000  0.000000  0.707107  0.707107
 -1  0  0  1  1  1  0  0 -1  0.000000  0.500000  0.000000  0.000000 -0.707107  0.000000 -0.707107  0.000000 -0.707107  0.000000  0.707107
  0  0 -1  0 -1  0 -1  0  0  0.000000  0.000000  0.000000  0.000000 -0.707107  0.000000  0.707107  0.000000  0.707107  0.000000  0.707107
  0 -1  0  0  0 -1  1  1  1  0.000000  0.000000  0.500000  0.707107  0.000000 -0.707107  0.000000  0.707107  0.000000  0.707107  0.000000
  1  1  1 -1  0  0  0 -1  0  0.500000  0.000000  0.000000  0.707107  0.000000  0.707107  0.000000 -0.707107  0.000000  0.707107  0.000000
  1  1  1  0 -1  0  0  0 -1  0.500000  0.000000  0.000000  0.000000 -0.707107 -0.707107  0.000000  0.707107  0.000000  0.000000  0.707107
 -1  0  0  0  0 -1  0 -1  0  0.000000  0.000000  0.000000  0.000000 -0.707107  0.707107  0.000000 -0.707107  0.000000  0.000000  0.707107
  0  0 -1 -1  0  0  1  1  1  0.000000  0.000000  0.500000  0.707107  0.000000  0.000000  0.707107  0.000000  0.707107  0.707107  0.000000
  0 -1  0  1  1  1 -1  0  0  0.000000  0.500000  0.000000  0.707107  0.000000  0.000000 -0.707107  0.000000 -0.707107  0.707107  0.000000
  0  1  0  0  0  1  1  0  0  0.000000  0.000000  0.000000  0.500000  0.500000  0.500000  0.500000 -0.500000  0.500000  0.500000 -0.500000
  1  0  0 -1 -1 -1  0  1  0  0.000000 -0.500000  0.000000  0.500000 -0.500000 -0.500000  0.500000  0.500000  0.500000  0.500000  0.500000
 -1 -1 -1  1  0  0  0  0  1 -0.500000  0.000000  0.000000  0.500000  0.500000 -0.500000 -0.500000  0.500000 -0.500000  0.500000 -0.500000
  0  0  1  0  1  0 -1 -1 -1  0.000000  0.000000 -0.500000  0.500000 -0.500000  0.500000 -0.500000 -0.500000 -0.500000  0.500000  0.500000
  0  0  1  1  0  0  0  1  0  0.000000  0.000000  0.000000  0.500000 -0.500000 -0.500000 -0.500000  0.500000 -0.500000  0.500000  0.500000
 -1 -1 -1  0  1  0  1  0  0 -0.500000  0.000000  0.000000  0.500000  0.500000 -0.500000  0.500000  0.500000  0.500000  0.500000 -0.500000
  1  0  0  0  0  1 -1 -1 -1  0.000000  0.000000 -0.500000  0.500000  0.500000  0.500000 -0.500000 -0.500000 -0.500000  0.500000 -0.500000
  0  1  0 -1 -1 -1  0  0  1  0.000000 -0.500000  0.000000  0.500000 -0.500000  0.500000  0.500000 -0.500000  0.500000  0.500000  0.500000
 -1  0  0  0 -1  0  0  0 -1  0.000000  0.000000  0.000000  1.000000  0.000000  0.000000  0.000000  0.000000  0.000000  1.000000  0.000000
  0 -1  0 -1  0  0  1  1  1  0.000000  0.000000  0.500000  0.000000 -1.000000  0.000000  0.000000  0.000000  0.000000  0.000000  1.000000
  0  0 -1  1  1  1 -1  0  0  0.000000  0.500000  0.000000  0.000000  0.000000 -1.000000  0.000000  1.000000  0.000000  0.000000  0.000000
  1  1  1  0  0 -1  0 -1  0  0.500000  0.000000  0.000000  0.000000  0.000000  0.000000 -1.000000  0.000000 -1.000000  0.000000  0.000000
  1  0  0  0  1  0 -1 -1 -1  0.000000  0.000000 -0.500000  0.000000  0.000000 -0.707107 -0.707107  0.707107 -0.707107  0.000000  0.000000
  0  1  0  1  0  0  0  0  1  0.000000  0.000000  0.000000  0.000000  0.000000 -0.707107  0.707107  0.707107  0.707107  0.000000  0.000000
  0  0  1 -1 -1 -1  0  1  0  0.000000 -0.500000  0.000000  0.707107  0.707107  0.000000  0.000000  0.000000  0.000000  0.707107 -0.707107
 -1 -1 -1  0  0  1  1  0  0 -0.500000  0.000000  0.000000  0.707107 -0.707107  0.000000  0.000000  0.000000  0.000000  0.707107  0.707107
  1  0  0 -1 -1 -1  0  0  1  0.000000 -0.500000  0.000000  0.000000 -0.707107  0.000000 -0.707107  0.000000 -0.707107  0.000000  0.707107
  0  0  1  0  1  0  1  0  0  0.000000  0.000000  0.000000  0.000000 -0.707107  0.000000  0.707107  0.000000  0.707107  0.000000  0.707107
  0  1  0  0  0  1 -1 -1 -1  0.000000  0.000000 -0.500000  0.707107  0.000000 -0.707107  0.000000  0.707107  0.000000  0.707107  0.000000
 -1 -1 -1  1  0  0  0  1  0 -0.500000  0.000000  0.000000  0.707107  0.000000  0.707107  0.000000 -0.707107  0.000000  0.707107  0.000000
 -1 -1 -1  0  1  0  0  0  1 -0.500000  0.000000  0.000000  0.000000 -0.707107 -0.707107  0.000000  0.707107  0.000000  0.000000  0.707107
  1  0  0  0  0  1  0  1  0  0.000000  0.000000  0.000000  0.000000 -0.707107  0.707107  0.000000 -0.707107  0.000000  0.000000  0.707107
  0  0  1  1  0  0 -1 -1 -1  0.000000  0.000000 -0.500000  0.707107  0.000000  0.000000  0.707107  0.000000  0.707107  0.707107  0.000000
  0  1  0 -1 -1 -1  1  0  0  0.000000 -0.500000  0.000000  0.707107  0.000000  0.000000 -0.707107  0.000000 -0.707107  0.707107  0.000000
  0 -1  0  0  0 -1 -1  0  0  0.000000  0.000000  0.000000  0.500000  0.500000  0.500000  0.500000 -0.500000  0.500000  0.500000 -0.500000
 -1  0  0  1  1  1  0 -1  0  0.000000  0.500000  0.000000  0.500000 -0.500000 -0.500000  0.500000  0.500000  0.500000  0.500000  0.500000
  1  1  1 -1  0  0  0  0 -1  0.500000  0.000000  0.000000  0.500000  0.500000 -0.500000 -0.500000  0.500000 -0.500000  0.500000 -0.500000
  0  0 -1  0 -1  0  1  1  1  0.000000  0.000000  0.500000  0.500000 -0.500000  0.500000 -0.500000 -0.500000 -0.500000  0.500000  0.500000
  0  0 -1 -1  0  0  0 -1  0  0.000000  0.000000  0.000000  0.500000 -0.500000 -0.500000 -0.500000  0.500000 -0.500000  0.500000  0.500000
  1  1  1  0 -1  0 -1  0  0  0.500000  0.000000  0.000000  0.500000  0.500000 -0.500000  0.500000  0.500000  0.500000  0.500000 -0.500000
 -1  0  0  0  0 -1  1  1  1  0.000000  0.000000  0.500000  0.500000  0.500000  0.500000 -0.500000 -0.500000 -0.500000  0.500000 -0.500000
  0 -1  0  1  1  1  0  0 -1  0.000000  0.500000  0.000000  0.500000 -0.500000  0.500000  0.500000 -0.500000  0.500000  0.500000  0.500000
  4
  0.000000  0.000000  0.000000
  0.500000  0.000000  0.500000
  0.500000  0.500000  0.500000
  0.500000  0.250000  0.750000
 48
  1  2  3  4  5  6  7  8  9 10 11 12 13 14 15 16 17 18 19 20 21 22 23 24 25 26 27 28 29 30 31 32 33 34 35 36 37 38 39 40 41 42 43 44 45 46 47 48
  1  2  -5.808206  2.000000  0.000000  0.000000 -0.000000  0.000000 -0.000000  0.000000 -0.000000  0.000000 -0.000000  0.000000 -0.000000  1.414214  0.000000  1.414214 -0.000000  0.000000 -0.000000  0.000000  0.000000  1.414214 -0.000000  1.414214  0.000000 -0.000000 -0.000000  0.000000  0.000000  1.414214  0.000000  1.414214 -0.000000  1.000000 -0.000000  1.000000 -0.000000  1.000000 -0.000000  1.000000 -0.000000  1.000000  0.000000  1.000000  0.000000  1.000000  0.000000  1.000000  0.000000  2.000000  0.000000  0.000000  0.000000  0.000000 -0.000000  0.000000 -0.000000  0.000000 -0.000000  0.000000  0.000000  1.414214  0.000000  1.414214 -0.000000 -0.000000  0.000000  0.000000  0.000000  1.414214 -0.000000  1.414214  0.000000 -0.000000 -0.000000 -0.000000 -0.000000  1.414214  0.000000  1.414214 -0.000000  1.000000  0.000000  1.000000  0.000000  1.000000  0.000000  1.000000  0.000000  1.000000 -0.000000  1.000000 -0.000000  1.000000 -0.000000  1.000000 -0.000000
  3  2   5.978509  2.000000  0.000000 -0.000000  0.000000 -0.000000 -0.000000 -0.000000  0.000000  0.000000 -0.000000  0.000000  0.000000 -1.414214  0.000000 -1.414214 -0.000000  0.000000 -0.000000  0.000000 -0.000000 -1.414214  0.000000 -1.414214 -0.000000  0.000000 -0.000000 -0.000000 -0.000000 -1.414214  0.000000 -1.414214 -0.000000  1.000000 -0.000000  1.000000  0.000000  1.000000 -0.000000  1.000000  0.000000  1.000000  0.000000  1.000000 -0.000000  1.000000 -0.000000  1.000000  0.000000  2.000000 -0.000000 -0.000000  0.000000  0.000000 -0.000000 -0.000000  0.000000  0.000000 -0.000000  0.000000  0.000000 -1.414214  0.000000 -1.414214 -0.000000  0.000000 -0.000000 -0.000000 -0.000000 -1.414214  0.000000 -1.414214 -0.000000  0.000000 -0.000000 -0.000000 -0.000000 -1.414214 -0.000000 -1.414214  0.000000  1.000000 -0.000000  1.000000  0.000000  1.000000 -0.000000  1.000000  0.000000  1.000000  0.000000  1.000000 -0.000000  1.000000 -0.000000  1.000000  0.000000
  5  4   6.025816  4.000000  0.000000 -0.000000  0.000000 -0.000000  0.000000 -0.000000  0.000000  0.000000  0.000000  0.000000  0.000000  0.000000  0.000000  0.000000 -0.000000 -0.000000  0.000000  0.000000  0.000000 -0.000000 -0.000000 -0.000000  0.000000  0.000000 -0.000000 -0.000000 -0.000000  0.000000 -0.000000  0.000000  0.000000 -1.000000  0.000000 -1.000000 -0.000000 -1.000000  0.000000 -1.000000  0.000000 -1.000000 -0.000000 -1.000000 -0.000000 -1.000000  0.000000 -1.000000 -0.000000  4.000000 -0.000000 -0.000000  0.000000  0.000000  0.000000 -0.000000  0.000000  0.000000 -0.000000  0.000000  0.000000  0.000000  0.000000  0.000000 -0.000000  0.000000  0.000000  0.000000  0.000000 -0.000000 -0.000000 -0.000000  0.000000 -0.000000 -0.000000 -0.000000  0.000000 -0.000000  0.000000 -0.000000 -0.000000 -1.000000  0.000000 -1.000000 -0.000000 -1.000000  0.000000 -1.000000 -0.000000 -1.000000 -0.000000 -1.000000  0.000000 -1.000000  0.000000 -1.000000 -0.000000
 16
  1  2  3  4  9 10 11 12 25 26 27 28 33 34 35 36
  1  4  -1.743006  4.000000  0.000000  0.000000  0.000000  0.000000 -0.000000  0.000000 -0.000000 -0.000000 -0.000000  0.000000 -0.000000 -0.000000  0.000000  0.000000  0.000000  0.000000 -0.000000  0.000000  0.000000  0.000000 -0.000000  0.000000  0.000000  0.000000 -0.000000 -0.000000 -0.000000 -0.000000  0.000000 -0.000000  0.000000
  5  4   3.211144  4.000000  0.000000 -0.000000  0.000000 -0.000000  0.000000 -0.000000 -0.000000  0.000000 -0.000000  0.000000  0.000000  0.000000  0.000000 -0.000000  0.000000 -0.000000 -0.000000 -0.000000 -0.000000 -0.000000  0.000000 -0.000000  0.000000  0.000000  0.000000  0.000000  0.000000  0.000000  0.000000  0.000000 -0.000000
 12
  1  6 10 14 17 21 25 30 34 38 41 45
  1  2  -3.531703  2.000000  0.000000  0.000000 -0.000000 -0.000000  0.000000 -0.000000  0.000000  1.000000 -0.000000  1.000000  0.000000  2.000000  0.000000  0.000000 -0.000000 -0.000000  0.000000  0.000000  0.000000  1.000000 -0.000000  1.000000  0.000000
  3  2  -0.864040  2.000000  0.000000  0.000000 -0.000000 -0.000000 -0.000000  0.000000 -0.000000  1.000000 -0.000000  1.000000 -0.000000 -2.000000  0.000000  0.000000  0.000000  0.000000 -0.000000  0.000000 -0.000000 -1.000000  0.000000 -1.000000 -0.000000
  5  2   4.812421  2.000000  0.000000  0.000000  0.000000 -0.000000  0.000000  0.000000 -0.000000  1.000000 -0.000000  1.000000  0.000000  2.000000  0.000000  0.000000 -0.000000 -0.000000 -0.000000 -0.000000 -0.000000  1.000000 -0.000000  1.000000  0.000000
  7  2   4.843669  2.000000  0.000000  0.000000 -0.000000  0.000000  0.000000  0.000000 -0.000000 -2.000000 -0.000000 -2.000000  0.000000  2.000000  0.000000  0.000000 -0.000000 -0.000000  0.000000  0.000000 -0.000000 -2.000000 -0.000000 -2.000000  0.000000
  8
  1  4 13 14 26 27 39 40
  1  2  -1.591452  2.000000  0.000000 -0.000000 -2.000000 -0.000000  0.000000  0.000000  0.000000  0.000000 -0.000000 -0.000000 -0.000000 -0.000000 -0.000000  0.000000  0.000000
  3  2  -1.586039  2.000000  0.000000  0.000000  2.000000 -0.000000 -0.000000  0.000000 -0.000000 -0.000000  0.000000  0.000000  0.000000 -1.414214  1.414214 -1.414214 -1.414214
  5  2   2.238942  2.000000  0.000000 -0.000000  2.000000 -0.000000 -0.000000 -0.000000 -0.000000 -0.000000  0.000000 -0.000000 -0.000000  1.414214 -1.414214  1.414214  1.414214
  7  2   2.251648  2.000000  0.000000  0.000000 -2.000000  0.000000 -0.000000  0.000000  0.000000  0.000000 -0.000000 -0.000000 -0.000000  0.000000  0.000000  0.000000 -0.000000
