176
  1
  8
  1  0  0  0  1  0  0  0  1  0.000000  0.000000  0.000000  1.000000  0.000000  0.000000  0.000000  0.000000  0.000000  1.000000  0.000000
 -1  0  0  0 -1  0  0  0  1 -0.500000  0.000000  0.500000  0.000000 -1.000000  0.000000  0.000000  0.000000  0.000000  0.000000  1.000000
 -1  0  0  0  1  0  0  0 -1  0.000000  0.500000  0.000000  0.000000  0.000000 -1.000000  0.000000  1.000000  0.000000  0.000000  0.000000
  1  0  0  0 -1  0  0  0 -1  0.500000 -0.500000 -0.500000  0.000000  0.000000  0.000000 -1.000000  0.000000 -1.000000  0.000000  0.000000
 -1  0  0  0 -1  0  0  0 -1  0.000000  0.000000  0.000000  1.000000  0.000000  0.000000  0.000000  0.000000  0.000000  1.000000  0.000000
  1  0  0  0  1  0  0  0 -1  0.500000  0.000000 -0.500000  0.000000 -1.000000  0.000000  0.000000  0.000000  0.000000  0.000000  1.000000
  1  0  0  0 -1  0  0  0  1  0.000000 -0.500000  0.000000  0.000000  0.000000 -1.000000  0.000000  1.000000  0.000000  0.000000  0.000000
 -1  0  0  0  1  0  0  0  1 -0.500000  0.500000  0.500000  0.000000  0.000000  0.000000 -1.000000  0.000000 -1.000000  0.000000  0.000000
  8
  0.000000  0.000000  0.000000
  0.500000  0.000000  0.000000
  0.000000  0.500000  0.000000
  0.000000  0.000000  0.500000
  0.000000  0.500000  0.500000
  0.500000  0.000000  0.500000
  0.500000  0.500000  0.000000
  0.500000  0.500000  0.500000
  8
  1  2  3  4  5  6  7  8
  1  4 -94.149465  4.000000  0.000000  0.000000 -0.000000  0.000000  0.000000 -0.000000 -0.000000  4.000000  0.000000  0.000000 -0.000000  0.000000  0.000000 -0.000000 -0.000000
  5  4 -94.149297  4.000000  0.000000 -0.000000  0.000000 -0.000000  0.000000  0.000000  0.000000 -4.000000  0.000000  0.000000 -0.000000  0.000000  0.000000 -0.000000 -0.000000
  9  4 -59.251593  4.000000  0.000000 -0.000000  0.000000  0.000000 -0.000000 -0.000000 -0.000000  4.000000  0.000000 -0.000000 -0.000000  0.000000 -0.000000  0.000000 -0.000000
 13  4 -59.250595  4.000000  0.000000 -0.000000  0.000000 -0.000000  0.000000 -0.000000 -0.000000 -4.000000  0.000000  0.000000  0.000000  0.000000 -0.000000  0.000000  0.000000
 17  4 -53.435419  4.000000  0.000000 -0.000000 -0.000000 -0.000000  0.000000 -0.000000  0.000000  4.000000  0.000000  0.000000 -0.000000 -0.000000  0.000000 -0.000000 -0.000000
 21  4 -53.433176  4.000000  0.000000  0.000000 -0.000000  0.000000 -0.000000  0.000000 -0.000000 -4.000000  0.000000  0.000000  0.000000 -0.000000  0.000000 -0.000000  0.000000
 25  4 -53.424765  4.000000  0.000000  0.000000  0.000000  0.000000  0.000000 -0.000000 -0.000000  4.000000  0.000000  0.000000  0.000000  0.000000  0.000000 -0.000000  0.000000
 29  4 -53.423756  4.000000  0.000000 -0.000000 -0.000000 -0.000000  0.000000 -0.000000 -0.000000 -4.000000  0.000000 -0.000000 -0.000000  0.000000 -0.000000  0.000000 -0.000000
 33  2 -43.936891  2.000000  0.000000  0.000000  0.000000  0.000000 -0.000000  0.000000  0.000000  2.000000  0.000000  0.000000 -0.000000  0.000000 -0.000000  0.000000  0.000000
 35  2 -43.936680  2.000000  0.000000 -0.000000  0.000000  0.000000 -0.000000 -0.000000  0.000000  2.000000  0.000000 -0.000000  0.000000  0.000000 -0.000000 -0.000000  0.000000
 37  2 -43.935983  2.000000  0.000000 -0.000000 -0.000000 -0.000000 -0.000000  0.000000  0.000000 -2.000000  0.000000  0.000000 -0.000000  0.000000  0.000000 -0.000000  0.000000
 39  2 -43.935778  2.000000  0.000000  0.000000  0.000000 -0.000000 -0.000000  0.000000  0.000000 -2.000000  0.000000 -0.000000 -0.000000  0.000000 -0.000000  0.000000  0.000000
 41  2 -26.899904  2.000000  0.000000 -0.000000 -0.000000 -0.000000 -0.000000 -0.000000  0.000000  2.000000  0.000000 -0.000000  0.000000  0.000000 -0.000000 -0.000000 -0.000000
 43  4 -26.899866  4.000000  0.000000  0.000000  0.000000 -0.000000 -0.000000  0.000000 -0.000000 -0.000000  0.000000  0.000000 -0.000000  0.000000  0.000000  0.000000 -0.000000
 47  2 -26.899815  2.000000  0.000000 -0.000000  0.000000 -0.000000 -0.000000  0.000000  0.000000 -2.000000  0.000000  0.000000  0.000000  0.000000 -0.000000  0.000000 -0.000000
 49  2 -26.857847  2.000000  0.000000  0.000000  0.000000  0.000000  0.000000 -0.000000  0.000000  2.000000  0.000000  0.000000 -0.000000  0.000000  0.000000 -0.000000 -0.000000
 51  4 -26.857819  4.000000  0.000000 -0.000000 -0.000000 -0.000000  0.000000  0.000000  0.000000 -0.000000  0.000000 -0.000000  0.000000  0.000000 -0.000000  0.000000 -0.000000
 55  2 -26.857772  2.000000  0.000000  0.000000 -0.000000  0.000000 -0.000000  0.000000  0.000000 -2.000000  0.000000 -0.000000  0.000000  0.000000 -0.000000 -0.000000 -0.000000
 57  2 -26.179687  2.000000  0.000000 -0.000000  0.000000  0.000000 -0.000000 -0.000000 -0.000000  2.000000  0.000000 -0.000000 -0.000000  0.000000 -0.000000  0.000000 -0.000000
 59  4 -26.179645  4.000000  0.000000 -0.000000 -0.000000  0.000000 -0.000000  0.000000 -0.000000 -0.000000  0.000000  0.000000 -0.000000 -0.000000  0.000000 -0.000000 -0.000000
 63  2 -26.179597  2.000000  0.000000  0.000000 -0.000000 -0.000000  0.000000  0.000000 -0.000000 -2.000000  0.000000 -0.000000 -0.000000  0.000000  0.000000  0.000000 -0.000000
 65  2 -26.147440  2.000000  0.000000  0.000000 -0.000000  0.000000  0.000000  0.000000  0.000000  2.000000  0.000000  0.000000 -0.000000  0.000000 -0.000000  0.000000  0.000000
 67  4 -26.147371  4.000000  0.000000  0.000000 -0.000000  0.000000 -0.000000  0.000000 -0.000000  0.000000  0.000000 -0.000000 -0.000000  0.000000 -0.000000 -0.000000 -0.000000
 71  2 -26.147276  2.000000  0.000000 -0.000000 -0.000000 -0.000000 -0.000000 -0.000000 -0.000000 -2.000000  0.000000  0.000000 -0.000000  0.000000 -0.000000 -0.000000  0.000000
 73  2 -26.124787  2.000000  0.000000 -0.000000 -0.000000 -0.000000 -0.000000  0.000000  0.000000  2.000000  0.000000 -0.000000  0.000000  0.000000  0.000000  0.000000 -0.000000
 75  6 -26.124745  6.000000  0.000000  0.000000 -0.000000 -0.000000 -0.000000 -0.000000  0.000000 -2.000000  0.000000  0.000000 -0.000000  0.000000  0.000000  0.000000  0.000000
 81  2 -15.991787  2.000000  0.000000 -0.000000  0.000000  0.000000 -0.000000 -0.000000  0.000000  2.000000  0.000000 -0.000000 -0.000000  0.000000  0.000000  0.000000  0.000000
 83  2 -15.989839  2.000000  0.000000  0.000000 -0.000000 -0.000000 -0.000000  0.000000 -0.000000  2.000000  0.000000  0.000000  0.000000  0.000000  0.000000 -0.000000 -0.000000
 85  2 -15.985439  2.000000  0.000000  0.000000  0.000000 -0.000000 -0.000000 -0.000000 -0.000000 -2.000000  0.000000 -0.000000 -0.000000  0.000000  0.000000 -0.000000 -0.000000
 87  2 -15.982749  2.000000  0.000000 -0.000000 -0.000000 -0.000000  0.000000  0.000000 -0.000000 -2.000000  0.000000  0.000000 -0.000000 -0.000000  0.000000 -0.000000 -0.000000
 89  2 -15.818878  2.000000  0.000000  0.000000 -0.000000  0.000000 -0.000000  0.000000 -0.000000  2.000000  0.000000  0.000000 -0.000000  0.000000  0.000000  0.000000  0.000000
 91  2 -15.818082  2.000000  0.000000 -0.000000 -0.000000 -0.000000  0.000000 -0.000000 -0.000000  2.000000  0.000000 -0.000000 -0.000000  0.000000 -0.000000 -0.000000  0.000000
 93  2 -15.811305  2.000000  0.000000 -0.000000 -0.000000 -0.000000  0.000000 -0.000000 -0.000000 -2.000000  0.000000  0.000000  0.000000  0.000000 -0.000000 -0.000000 -0.000000
 95  2 -15.807651  2.000000  0.000000  0.000000  0.000000 -0.000000 -0.000000 -0.000000 -0.000000 -2.000000  0.000000 -0.000000 -0.000000  0.000000 -0.000000  0.000000 -0.000000
 97  2 -15.806498  2.000000  0.000000 -0.000000 -0.000000 -0.000000 -0.000000  0.000000  0.000000  2.000000  0.000000 -0.000000 -0.000000  0.000000 -0.000000 -0.000000  0.000000
 99  2 -15.802447  2.000000  0.000000  0.000000 -0.000000  0.000000 -0.000000  0.000000 -0.000000  2.000000  0.000000  0.000000  0.000000  0.000000  0.000000 -0.000000 -0.000000
101  2 -15.801795  2.000000  0.000000  0.000000 -0.000000  0.000000 -0.000000  0.000000 -0.000000 -2.000000  0.000000 -0.000000  0.000000 -0.000000  0.000000  0.000000 -0.000000
103  2 -15.799989  2.000000  0.000000 -0.000000  0.000000  0.000000 -0.000000  0.000000 -0.000000 -2.000000  0.000000  0.000000  0.000000 -0.000000 -0.000000  0.000000  0.000000
105  2  -2.501701  2.000000  0.000000  0.000000 -0.000000  0.000000 -0.000000  0.000000  0.000000  2.000000  0.000000  0.000000 -0.000000  0.000000 -0.000000  0.000000  0.000000
107  2  -2.136644  2.000000  0.000000  0.000000 -0.000000 -0.000000  0.000000 -0.000000  0.000000 -2.000000  0.000000 -0.000000  0.000000  0.000000 -0.000000  0.000000 -0.000000
109  2  -2.060645  2.000000  0.000000 -0.000000 -0.000000  0.000000 -0.000000 -0.000000 -0.000000  2.000000  0.000000 -0.000000 -0.000000  0.000000  0.000000 -0.000000  0.000000
111  2  -2.033400  2.000000  0.000000 -0.000000 -0.000000 -0.000000 -0.000000  0.000000 -0.000000 -2.000000  0.000000  0.000000 -0.000000  0.000000  0.000000 -0.000000  0.000000
113  2  -0.617117  2.000000  0.000000  0.000000 -0.000000  0.000000  0.000000 -0.000000  0.000000 -2.000000  0.000000 -0.000000  0.000000 -0.000000 -0.000000  0.000000 -0.000000
115  2  -0.607348  2.000000  0.000000 -0.000000 -0.000000 -0.000000 -0.000000  0.000000  0.000000  2.000000  0.000000 -0.000000  0.000000 -0.000000 -0.000000  0.000000 -0.000000
117  2  -0.555451  2.000000  0.000000 -0.000000  0.000000 -0.000000 -0.000000 -0.000000  0.000000 -2.000000  0.000000  0.000000 -0.000000  0.000000 -0.000000  0.000000 -0.000000
119  2  -0.531389  2.000000  0.000000 -0.000000 -0.000000  0.000000 -0.000000  0.000000 -0.000000  2.000000  0.000000 -0.000000 -0.000000  0.000000  0.000000 -0.000000  0.000000
121  2  -0.505886  2.000000  0.000000  0.000000  0.000000  0.000000  0.000000 -0.000000 -0.000000  2.000000  0.000000  0.000000  0.000000  0.000000 -0.000000  0.000000  0.000000
123  2  -0.429025  2.000000  0.000000  0.000000 -0.000000  0.000000 -0.000000 -0.000000  0.000000  2.000000  0.000000  0.000000 -0.000000  0.000000 -0.000000  0.000000  0.000000
125  2  -0.424049  2.000000  0.000000  0.000000  0.000000  0.000000  0.000000  0.000000  0.000000 -2.000000  0.000000 -0.000000  0.000000 -0.000000  0.000000 -0.000000 -0.000000
127  2  -0.178077  2.000000  0.000000 -0.000000 -0.000000  0.000000 -0.000000  0.000000 -0.000000 -2.000000  0.000000  0.000000 -0.000000  0.000000  0.000000 -0.000000 -0.000000
129  2  -0.002688  2.000000  0.000000 -0.000000  0.000000 -0.000000 -0.000000 -0.000000  0.000000 -2.000000  0.000000  0.000000 -0.000000 -0.000000  0.000000  0.000000 -0.000000
131  2   0.027950  2.000000  0.000000  0.000000  0.000000  0.000000 -0.000000  0.000000  0.000000  2.000000  0.000000 -0.000000  0.000000  0.000000 -0.000000  0.000000 -0.000000
133  2   0.104992  2.000000  0.000000 -0.000000 -0.000000  0.000000  0.000000 -0.000000 -0.000000  2.000000  0.000000 -0.000000 -0.000000  0.000000 -0.000000 -0.000000  0.000000
135  2   0.118441  2.000000  0.000000  0.000000 -0.000000  0.000000  0.000000  0.000000 -0.000000  2.000000  0.000000  0.000000  0.000000 -0.000000  0.000000  0.000000  0.000000
137  2   0.168997  2.000000  0.000000  0.000000  0.000000 -0.000000 -0.000000 -0.000000 -0.000000 -2.000000  0.000000 -0.000000  0.000000  0.000000 -0.000000 -0.000000  0.000000
139  2   0.172846  2.000000  0.000000  0.000000 -0.000000  0.000000 -0.000000  0.000000  0.000000  2.000000  0.000000  0.000000 -0.000000  0.000000  0.000000  0.000000  0.000000
141  2   0.183520  2.000000  0.000000 -0.000000 -0.000000 -0.000000  0.000000  0.000000  0.000000 -2.000000  0.000000  0.000000  0.000000  0.000000 -0.000000 -0.000000 -0.000000
143  2   0.220650  2.000000  0.000000  0.000000  0.000000  0.000000 -0.000000  0.000000 -0.000000  2.000000  0.000000  0.000000 -0.000000  0.000000 -0.000000 -0.000000 -0.000000
145  2   0.267771  2.000000  0.000000  0.000000 -0.000000  0.000000 -0.000000  0.000000 -0.000000 -2.000000  0.000000 -0.000000  0.000000 -0.000000 -0.000000 -0.000000  0.000000
147  2   0.433685  2.000000  0.000000 -0.000000 -0.000000  0.000000 -0.000000 -0.000000  0.000000  2.000000  0.000000 -0.000000 -0.000000  0.000000 -0.000000 -0.000000 -0.000000
149  2   0.473415  2.000000  0.000000 -0.000000 -0.000000 -0.000000 -0.000000  0.000000 -0.000000 -2.000000  0.000000  0.000000 -0.000000 -0.000000 -0.000000 -0.000000  0.000000
151  2   0.536313  2.000000  0.000000  0.000000 -0.000000 -0.000000 -0.000000  0.000000  0.000000 -2.000000  0.000000 -0.000000 -0.000000  0.000000 -0.000000  0.000000  0.000000
153  2   3.498569  2.000000  0.000000 -0.000000  0.000000  0.000000  0.000000 -0.000000  0.000000  2.000000  0.000000 -0.000000 -0.000000  0.000000 -0.000000 -0.000000 -0.000000
155  2   4.063597  2.000000  0.000000 -0.000000  0.000000 -0.000000 -0.000000  0.000000  0.000000 -2.000000  0.000000  0.000000 -0.000000  0.000000 -0.000000 -0.000000  0.000000
157  2   5.129256  2.000000  0.000000 -0.000000  0.000000  0.000000  0.000000 -0.000000 -0.000000  2.000000  0.000000 -0.000000  0.000000  0.000000  0.000000 -0.000000 -0.000000
159  2   5.601892  2.000000  0.000000  0.000000  0.000000  0.000000  0.000000  0.000000  0.000000  2.000000  0.000000  0.000000  0.000000  0.000000  0.000000  0.000000  0.000000
161  2   6.027029  2.000000  0.000000  0.000000  0.000000 -0.000000  0.000000 -0.000000 -0.000000 -2.000000  0.000000 -0.000000 -0.000000  0.000000  0.000000  0.000000  0.000000
163  2   6.550199  2.000000  0.000000  0.000000 -0.000000 -0.000000 -0.000000 -0.000000  0.000000  2.000000  0.000000  0.000000 -0.000000 -0.000000  0.000000 -0.000000 -0.000000
165  2   7.520237  2.000000  0.000000  0.000000 -0.000000  0.000000  0.000000  0.000000 -0.000000  2.000000  0.000000  0.000000 -0.000000  0.000000  0.000000  0.000000 -0.000000
167  2   7.625410  2.000000  0.000000  0.000000 -0.000000  0.000000 -0.000000  0.000000 -0.000000 -2.000000  0.000000 -0.000000  0.000000 -0.000000 -0.000000 -0.000000  0.000000
169  2   7.726461  2.000000  0.000000 -0.000000 -0.000000 -0.000000  0.000000  0.000000 -0.000000  2.000000  0.000000 -0.000000 -0.000000 -0.000000  0.000000  0.000000 -0.000000
171  2   7.922104  2.000000  0.000000  0.000000 -0.000000  0.000000  0.000000  0.000000  0.000000  2.000000  0.000000  0.000000 -0.000000  0.000000  0.000000 -0.000000  0.000000
173  2   8.169923  2.000000  0.000000  0.000000 -0.000000 -0.000000  0.000000 -0.000000  0.000000 -2.000000  0.000000 -0.000000  0.000000  0.000000 -0.000000  0.000000  0.000000
175  2   8.423698  2.000000  0.000000 -0.000000 -0.000000 -0.000000  0.000000 -0.000000 -0.000000 -2.000000  0.000000  0.000000 -0.000000  0.000000  0.000000  0.000000 -0.000000
  8
  1  2  3  4  5  6  7  8
  1  4 -94.149465  4.000000  0.000000 -0.000000  0.000000 -0.000000  0.000000 -0.000000  0.000000  0.000000 -0.000000 -0.000000  0.000000  0.000000 -0.000000  0.000000 -0.000000
  5  4 -94.149298  4.000000  0.000000 -0.000000  0.000000  0.000000 -0.000000 -0.000000  0.000000 -0.000000 -0.000000 -0.000000  0.000000  0.000000 -0.000000 -0.000000 -0.000000
  9  4 -59.251593  4.000000  0.000000  0.000000  0.000000  0.000000 -0.000000  0.000000 -0.000000 -0.000000 -0.000000 -0.000000  0.000000  0.000000  0.000000 -0.000000 -0.000000
 13  4 -59.250594  4.000000  0.000000  0.000000  0.000000 -0.000000 -0.000000  0.000000 -0.000000 -0.000000  0.000000  0.000000 -0.000000  0.000000 -0.000000 -0.000000  0.000000
 17  4 -53.435417  4.000000  0.000000 -0.000000 -0.000000 -0.000000 -0.000000  0.000000  0.000000 -0.000000 -0.000000  0.000000 -0.000000 -0.000000 -0.000000  0.000000  0.000000
 21  4 -53.433175  4.000000  0.000000  0.000000 -0.000000  0.000000  0.000000 -0.000000 -0.000000 -0.000000 -0.000000 -0.000000  0.000000 -0.000000  0.000000 -0.000000  0.000000
 25  4 -53.424765  4.000000  0.000000 -0.000000 -0.000000  0.000000 -0.000000  0.000000  0.000000  0.000000  0.000000 -0.000000  0.000000  0.000000  0.000000 -0.000000 -0.000000
 29  4 -53.423748  4.000000  0.000000 -0.000000 -0.000000  0.000000 -0.000000 -0.000000 -0.000000  0.000000  0.000000 -0.000000  0.000000  0.000000 -0.000000  0.000000 -0.000000
 33  4 -43.936786  4.000000  0.000000  0.000000 -0.000000 -0.000000 -0.000000 -0.000000  0.000000  0.000000 -0.000000  0.000000 -0.000000  0.000000  0.000000  0.000000  0.000000
 37  4 -43.935881  4.000000  0.000000  0.000000 -0.000000 -0.000000  0.000000  0.000000 -0.000000  0.000000 -0.000000 -0.000000  0.000000  0.000000 -0.000000 -0.000000  0.000000
 41  4 -26.899891  4.000000  0.000000 -0.000000 -0.000000  0.000000 -0.000000  0.000000  0.000000  0.000000  0.000000 -0.000000  0.000000  0.000000 -0.000000  0.000000 -0.000000
 45  4 -26.899830  4.000000  0.000000 -0.000000 -0.000000  0.000000 -0.000000 -0.000000 -0.000000  0.000000 -0.000000  0.000000  0.000000  0.000000  0.000000  0.000000  0.000000
 49  8 -26.857822  8.000000  0.000000  0.000000  0.000000 -0.000000 -0.000000  0.000000 -0.000000 -0.000000  0.000000  0.000000 -0.000000  0.000000  0.000000  0.000000  0.000000
 57  4 -26.179673  4.000000  0.000000  0.000000  0.000000  0.000000  0.000000 -0.000000  0.000000  0.000000  0.000000  0.000000 -0.000000 -0.000000 -0.000000  0.000000  0.000000
 61  4 -26.179609  4.000000  0.000000 -0.000000  0.000000 -0.000000  0.000000  0.000000  0.000000  0.000000 -0.000000 -0.000000 -0.000000  0.000000 -0.000000 -0.000000 -0.000000
 65  4 -26.147410  4.000000  0.000000 -0.000000 -0.000000  0.000000  0.000000  0.000000  0.000000  0.000000 -0.000000  0.000000  0.000000  0.000000  0.000000 -0.000000 -0.000000
 69  4 -26.147316  4.000000  0.000000 -0.000000  0.000000 -0.000000  0.000000  0.000000 -0.000000 -0.000000 -0.000000 -0.000000 -0.000000  0.000000  0.000000  0.000000 -0.000000
 73  8 -26.124758  8.000000  0.000000 -0.000000 -0.000000  0.000000 -0.000000  0.000000  0.000000  0.000000 -0.000000  0.000000 -0.000000  0.000000 -0.000000 -0.000000  0.000000
 81  4 -15.990801  4.000000  0.000000  0.000000 -0.000000 -0.000000 -0.000000 -0.000000 -0.000000  0.000000  0.000000 -0.000000 -0.000000  0.000000  0.000000 -0.000000 -0.000000
 85  4 -15.984079  4.000000  0.000000  0.000000  0.000000 -0.000000  0.000000 -0.000000 -0.000000  0.000000  0.000000  0.000000 -0.000000  0.000000 -0.000000 -0.000000 -0.000000
 89  4 -15.818388  4.000000  0.000000  0.000000 -0.000000 -0.000000 -0.000000 -0.000000 -0.000000 -0.000000 -0.000000 -0.000000 -0.000000  0.000000 -0.000000 -0.000000  0.000000
 93  4 -15.809347  4.000000  0.000000 -0.000000  0.000000  0.000000  0.000000  0.000000  0.000000 -0.000000 -0.000000  0.000000  0.000000  0.000000 -0.000000 -0.000000  0.000000
 97  4 -15.804522  4.000000  0.000000 -0.000000  0.000000  0.000000  0.000000  0.000000  0.000000 -0.000000 -0.000000  0.000000 -0.000000  0.000000  0.000000  0.000000  0.000000
101  4 -15.801104  4.000000  0.000000  0.000000  0.000000  0.000000 -0.000000  0.000000  0.000000 -0.000000 -0.000000  0.000000  0.000000  0.000000  0.000000 -0.000000  0.000000
105  4  -2.316923  4.000000  0.000000 -0.000000 -0.000000 -0.000000 -0.000000  0.000000 -0.000000 -0.000000 -0.000000 -0.000000 -0.000000  0.000000 -0.000000 -0.000000  0.000000
109  4  -2.031795  4.000000  0.000000  0.000000  0.000000  0.000000  0.000000  0.000000 -0.000000  0.000000 -0.000000  0.000000 -0.000000  0.000000  0.000000 -0.000000  0.000000
113  4  -0.612568  4.000000  0.000000 -0.000000 -0.000000  0.000000 -0.000000 -0.000000  0.000000  0.000000  0.000000  0.000000  0.000000 -0.000000  0.000000 -0.000000  0.000000
117  4  -0.525658  4.000000  0.000000 -0.000000 -0.000000  0.000000 -0.000000  0.000000 -0.000000 -0.000000 -0.000000  0.000000  0.000000 -0.000000  0.000000 -0.000000 -0.000000
121  4  -0.496756  4.000000  0.000000 -0.000000  0.000000  0.000000 -0.000000  0.000000  0.000000 -0.000000  0.000000 -0.000000  0.000000  0.000000 -0.000000 -0.000000 -0.000000
125  4  -0.329331  4.000000  0.000000 -0.000000  0.000000  0.000000  0.000000 -0.000000  0.000000  0.000000 -0.000000  0.000000  0.000000  0.000000 -0.000000 -0.000000  0.000000
129  4   0.013091  4.000000  0.000000  0.000000 -0.000000 -0.000000  0.000000 -0.000000 -0.000000 -0.000000 -0.000000 -0.000000  0.000000  0.000000  0.000000 -0.000000  0.000000
133  4   0.110848  4.000000  0.000000  0.000000  0.000000  0.000000 -0.000000  0.000000 -0.000000  0.000000 -0.000000  0.000000 -0.000000  0.000000 -0.000000 -0.000000  0.000000
137  4   0.164620  4.000000  0.000000 -0.000000  0.000000 -0.000000  0.000000 -0.000000  0.000000  0.000000 -0.000000  0.000000  0.000000  0.000000  0.000000  0.000000 -0.000000
141  4   0.215480  4.000000  0.000000  0.000000  0.000000  0.000000 -0.000000 -0.000000 -0.000000  0.000000 -0.000000 -0.000000 -0.000000  0.000000 -0.000000 -0.000000 -0.000000
145  4   0.265067  4.000000  0.000000  0.000000 -0.000000  0.000000 -0.000000 -0.000000 -0.000000 -0.000000  0.000000  0.000000 -0.000000 -0.000000 -0.000000 -0.000000 -0.000000
149  4   0.555810  4.000000  0.000000 -0.000000 -0.000000  0.000000 -0.000000  0.000000 -0.000000  0.000000  0.000000  0.000000 -0.000000  0.000000  0.000000 -0.000000 -0.000000
153  4   3.643786  4.000000  0.000000 -0.000000 -0.000000  0.000000  0.000000 -0.000000 -0.000000  0.000000 -0.000000  0.000000  0.000000  0.000000 -0.000000  0.000000 -0.000000
157  4   5.636262  4.000000  0.000000 -0.000000 -0.000000  0.000000 -0.000000  0.000000 -0.000000  0.000000  0.000000  0.000000  0.000000  0.000000 -0.000000  0.000000  0.000000
161  4   6.920303  4.000000  0.000000  0.000000 -0.000000 -0.000000  0.000000  0.000000  0.000000 -0.000000  0.000000 -0.000000  0.000000 -0.000000 -0.000000  0.000000 -0.000000
165  4   7.124717  4.000000  0.000000  0.000000  0.000000  0.000000  0.000000  0.000000  0.000000  0.000000 -0.000000 -0.000000  0.000000  0.000000 -0.000000  0.000000  0.000000
169  4   7.831002  4.000000  0.000000 -0.000000 -0.000000 -0.000000  0.000000  0.000000  0.000000  0.000000 -0.000000  0.000000  0.000000  0.000000  0.000000  0.000000  0.000000
173  4   8.201398  4.000000  0.000000  0.000000  0.000000 -0.000000  0.000000  0.000000  0.000000  0.000000  0.000000 -0.000000  0.000000 -0.000000  0.000000  0.000000 -0.000000
  8
  1  2  3  4  5  6  7  8
  1  8 -94.149381  8.000000  0.000000 -0.000000  0.000000  0.000000 -0.000000 -0.000000 -0.000000 -0.000000  0.000000  0.000000  0.000000 -0.000000 -0.000000 -0.000000 -0.000000
  9  8 -59.251105  8.000000  0.000000  0.000000 -0.000000  0.000000 -0.000000 -0.000000 -0.000000  0.000000 -0.000000  0.000000  0.000000 -0.000000  0.000000  0.000000 -0.000000
 17  8 -53.434399  8.000000  0.000000 -0.000000 -0.000000 -0.000000 -0.000000 -0.000000  0.000000  0.000000 -0.000000  0.000000  0.000000 -0.000000 -0.000000  0.000000  0.000000
 25  8 -53.424203  8.000000  0.000000 -0.000000  0.000000 -0.000000 -0.000000 -0.000000  0.000000 -0.000000 -0.000000  0.000000  0.000000 -0.000000  0.000000  0.000000  0.000000
 33  4 -43.936404  4.000000  0.000000 -0.000000  0.000000  0.000000  0.000000  0.000000  0.000000  0.000000  0.000000  0.000000 -0.000000 -0.000000  0.000000 -0.000000 -0.000000
 37  4 -43.936199  4.000000  0.000000 -0.000000 -0.000000  0.000000 -0.000000  0.000000  0.000000  0.000000 -0.000000 -0.000000  0.000000 -0.000000 -0.000000  0.000000  0.000000
 41  4 -26.899870  4.000000  0.000000 -0.000000  0.000000 -0.000000 -0.000000 -0.000000  0.000000  0.000000  0.000000 -0.000000  0.000000  0.000000  0.000000 -0.000000  0.000000
 45  4 -26.899839  4.000000  0.000000  0.000000 -0.000000  0.000000 -0.000000  0.000000  0.000000  0.000000 -0.000000  0.000000  0.000000  0.000000 -0.000000  0.000000 -0.000000
 49  4 -26.857813  4.000000  0.000000 -0.000000 -0.000000 -0.000000 -0.000000  0.000000  0.000000 -0.000000  0.000000  0.000000  0.000000  0.000000  0.000000  0.000000  0.000000
 53  4 -26.857765  4.000000  0.000000 -0.000000 -0.000000 -0.000000  0.000000 -0.000000  0.000000  0.000000  0.000000 -0.000000  0.000000 -0.000000 -0.000000 -0.000000 -0.000000
 57  4 -26.179630  4.000000  0.000000  0.000000 -0.000000 -0.000000  0.000000 -0.000000  0.000000  0.000000  0.000000 -0.000000  0.000000 -0.000000 -0.000000  0.000000  0.000000
 61  4 -26.179588  4.000000  0.000000 -0.000000  0.000000  0.000000  0.000000 -0.000000  0.000000  0.000000  0.000000  0.000000 -0.000000  0.000000 -0.000000 -0.000000  0.000000
 65  4 -26.147410  4.000000  0.000000 -0.000000 -0.000000 -0.000000 -0.000000 -0.000000  0.000000 -0.000000 -0.000000 -0.000000 -0.000000 -0.000000 -0.000000 -0.000000 -0.000000
 69  4 -26.147347  4.000000  0.000000  0.000000  0.000000 -0.000000 -0.000000  0.000000 -0.000000 -0.000000 -0.000000  0.000000 -0.000000 -0.000000  0.000000 -0.000000 -0.000000
 73  4 -26.124710  4.000000  0.000000 -0.000000 -0.000000 -0.000000  0.000000  0.000000 -0.000000 -0.000000 -0.000000 -0.000000  0.000000  0.000000 -0.000000 -0.000000 -0.000000
 77  4 -26.124678  4.000000  0.000000 -0.000000 -0.000000  0.000000  0.000000  0.000000  0.000000 -0.000000  0.000000  0.000000 -0.000000  0.000000  0.000000 -0.000000 -0.000000
 81  4 -15.989228  4.000000  0.000000  0.000000  0.000000 -0.000000  0.000000  0.000000  0.000000 -0.000000  0.000000 -0.000000  0.000000  0.000000  0.000000  0.000000  0.000000
 85  4 -15.987142  4.000000  0.000000 -0.000000 -0.000000 -0.000000  0.000000 -0.000000  0.000000  0.000000 -0.000000  0.000000 -0.000000  0.000000 -0.000000  0.000000 -0.000000
 89  4 -15.816144  4.000000  0.000000 -0.000000 -0.000000 -0.000000  0.000000 -0.000000  0.000000  0.000000  0.000000  0.000000 -0.000000  0.000000 -0.000000  0.000000 -0.000000
 93  4 -15.813956  4.000000  0.000000  0.000000 -0.000000  0.000000  0.000000 -0.000000 -0.000000 -0.000000 -0.000000 -0.000000 -0.000000 -0.000000 -0.000000 -0.000000 -0.000000
 97  4 -15.804757  4.000000  0.000000 -0.000000  0.000000  0.000000  0.000000 -0.000000  0.000000  0.000000  0.000000 -0.000000  0.000000 -0.000000 -0.000000 -0.000000 -0.000000
101  4 -15.801321  4.000000  0.000000  0.000000 -0.000000  0.000000 -0.000000 -0.000000  0.000000  0.000000 -0.000000  0.000000 -0.000000 -0.000000  0.000000  0.000000  0.000000
105  4  -2.097940  4.000000  0.000000  0.000000  0.000000 -0.000000 -0.000000  0.000000 -0.000000 -0.000000 -0.000000  0.000000 -0.000000 -0.000000 -0.000000  0.000000 -0.000000
109  4  -1.989899  4.000000  0.000000 -0.000000 -0.000000 -0.000000  0.000000  0.000000  0.000000 -0.000000  0.000000 -0.000000  0.000000 -0.000000 -0.000000 -0.000000  0.000000
113  4  -0.562939  4.000000  0.000000 -0.000000 -0.000000  0.000000 -0.000000  0.000000  0.000000 -0.000000  0.000000 -0.000000  0.000000  0.000000 -0.000000 -0.000000 -0.000000
117  4  -0.519346  4.000000  0.000000  0.000000  0.000000  0.000000 -0.000000 -0.000000 -0.000000  0.000000 -0.000000  0.000000  0.000000  0.000000  0.000000  0.000000 -0.000000
121  4  -0.442827  4.000000  0.000000  0.000000  0.000000  0.000000 -0.000000 -0.000000  0.000000  0.000000  0.000000 -0.000000 -0.000000  0.000000  0.000000 -0.000000  0.000000
125  4  -0.169614  4.000000  0.000000 -0.000000  0.000000  0.000000 -0.000000 -0.000000  0.000000 -0.000000  0.000000  0.000000  0.000000  0.000000 -0.000000 -0.000000 -0.000000
129  4   0.072417  4.000000  0.000000 -0.000000  0.000000 -0.000000  0.000000 -0.000000 -0.000000  0.000000  0.000000 -0.000000  0.000000 -0.000000  0.000000  0.000000 -0.000000
133  4   0.138156  4.000000  0.000000 -0.000000  0.000000 -0.000000  0.000000 -0.000000  0.000000  0.000000 -0.000000  0.000000 -0.000000 -0.000000 -0.000000 -0.000000 -0.000000
137  4   0.158490  4.000000  0.000000  0.000000 -0.000000 -0.000000  0.000000 -0.000000  0.000000 -0.000000  0.000000 -0.000000 -0.000000  0.000000  0.000000  0.000000  0.000000
141  4   0.211029  4.000000  0.000000  0.000000 -0.000000  0.000000 -0.000000  0.000000 -0.000000  0.000000  0.000000 -0.000000  0.000000  0.000000  0.000000  0.000000  0.000000
145  4   0.431085  4.000000  0.000000 -0.000000 -0.000000  0.000000 -0.000000  0.000000  0.000000 -0.000000  0.000000  0.000000  0.000000  0.000000  0.000000 -0.000000 -0.000000
149  4   0.669089  4.000000  0.000000 -0.000000  0.000000  0.000000  0.000000 -0.000000  0.000000 -0.000000 -0.000000 -0.000000  0.000000 -0.000000  0.000000  0.000000  0.000000
153  4   3.972858  4.000000  0.000000 -0.000000 -0.000000 -0.000000 -0.000000  0.000000 -0.000000 -0.000000  0.000000 -0.000000 -0.000000  0.000000  0.000000  0.000000  0.000000
157  4   4.453359  4.000000  0.000000 -0.000000  0.000000 -0.000000  0.000000  0.000000  0.000000  0.000000 -0.000000  0.000000 -0.000000  0.000000  0.000000 -0.000000 -0.000000
161  4   5.613285  4.000000  0.000000 -0.000000  0.000000 -0.000000  0.000000 -0.000000  0.000000 -0.000000  0.000000  0.000000 -0.000000  0.000000  0.000000 -0.000000 -0.000000
165  4   5.950087  4.000000  0.000000 -0.000000  0.000000  0.000000  0.000000  0.000000 -0.000000 -0.000000  0.000000 -0.000000 -0.000000 -0.000000 -0.000000 -0.000000 -0.000000
169  4   6.787013  4.000000  0.000000 -0.000000 -0.000000 -0.000000 -0.000000  0.000000 -0.000000  0.000000 -0.000000 -0.000000  0.000000 -0.000000  0.000000 -0.000000  0.000000
173  4   7.362637  4.000000  0.000000 -0.000000 -0.000000 -0.000000  0.000000 -0.000000  0.000000 -0.000000 -0.000000  0.000000  0.000000  0.000000 -0.000000  0.000000  0.000000
  8
  1  2  3  4  5  6  7  8
  1  4 -94.149465  4.000000  0.000000 -0.000000 -0.000000  0.000000  0.000000 -0.000000 -0.000000 -0.000000 -0.000000 -0.000000 -0.000000  0.000000  0.000000 -0.000000 -0.000000
  5  4 -94.149296  4.000000  0.000000  0.000000 -0.000000 -0.000000  0.000000 -0.000000 -0.000000 -0.000000 -0.000000 -0.000000  0.000000  0.000000 -0.000000  0.000000  0.000000
  9  4 -59.251592  4.000000  0.000000 -0.000000  0.000000  0.000000 -0.000000  0.000000 -0.000000  0.000000 -0.000000  0.000000  0.000000  0.000000 -0.000000 -0.000000  0.000000
 13  4 -59.250594  4.000000  0.000000  0.000000 -0.000000 -0.000000 -0.000000  0.000000  0.000000  0.000000  0.000000 -0.000000  0.000000  0.000000  0.000000  0.000000 -0.000000
 17  4 -53.435416  4.000000  0.000000  0.000000  0.000000  0.000000  0.000000  0.000000  0.000000 -0.000000  0.000000  0.000000  0.000000  0.000000  0.000000  0.000000 -0.000000
 21  4 -53.433175  4.000000  0.000000 -0.000000  0.000000 -0.000000 -0.000000  0.000000  0.000000  0.000000 -0.000000  0.000000 -0.000000 -0.000000 -0.000000  0.000000 -0.000000
 25  4 -53.424764  4.000000  0.000000 -0.000000 -0.000000  0.000000  0.000000  0.000000  0.000000  0.000000 -0.000000  0.000000 -0.000000  0.000000 -0.000000  0.000000  0.000000
 29  4 -53.423749  4.000000  0.000000  0.000000  0.000000 -0.000000 -0.000000  0.000000 -0.000000 -0.000000  0.000000 -0.000000 -0.000000  0.000000 -0.000000 -0.000000  0.000000
 33  4 -43.936796  4.000000  0.000000  0.000000 -0.000000 -0.000000 -0.000000  0.000000 -0.000000 -0.000000 -0.000000  0.000000 -0.000000  0.000000 -0.000000  0.000000 -0.000000
 37  4 -43.935870  4.000000  0.000000  0.000000  0.000000 -0.000000 -0.000000 -0.000000  0.000000  0.000000  0.000000 -0.000000 -0.000000  0.000000  0.000000  0.000000  0.000000
 41  4 -26.899882  4.000000  0.000000 -0.000000 -0.000000  0.000000  0.000000 -0.000000  0.000000 -0.000000  0.000000 -0.000000 -0.000000 -0.000000 -0.000000 -0.000000  0.000000
 45  4 -26.899840  4.000000  0.000000 -0.000000  0.000000  0.000000 -0.000000 -0.000000  0.000000  0.000000  0.000000  0.000000  0.000000  0.000000  0.000000  0.000000 -0.000000
 49  4 -26.857839  4.000000  0.000000 -0.000000 -0.000000  0.000000  0.000000  0.000000  0.000000  0.000000 -0.000000 -0.000000  0.000000  0.000000  0.000000  0.000000 -0.000000
 53  4 -26.857787  4.000000  0.000000 -0.000000  0.000000  0.000000  0.000000 -0.000000 -0.000000 -0.000000 -0.000000 -0.000000 -0.000000 -0.000000 -0.000000 -0.000000 -0.000000
 57  4 -26.179661  4.000000  0.000000  0.000000 -0.000000  0.000000 -0.000000  0.000000 -0.000000  0.000000 -0.000000  0.000000 -0.000000  0.000000 -0.000000  0.000000  0.000000
 61  4 -26.179621  4.000000  0.000000  0.000000  0.000000 -0.000000  0.000000 -0.000000 -0.000000 -0.000000 -0.000000 -0.000000  0.000000  0.000000  0.000000  0.000000 -0.000000
 65  4 -26.147413  4.000000  0.000000  0.000000  0.000000  0.000000 -0.000000 -0.000000  0.000000 -0.000000  0.000000 -0.000000  0.000000  0.000000 -0.000000 -0.000000  0.000000
 69  4 -26.147314  4.000000  0.000000 -0.000000  0.000000  0.000000 -0.000000 -0.000000  0.000000  0.000000 -0.000000 -0.000000  0.000000  0.000000 -0.000000 -0.000000  0.000000
 73  4 -26.124768  4.000000  0.000000 -0.000000 -0.000000  0.000000  0.000000 -0.000000  0.000000  0.000000 -0.000000 -0.000000 -0.000000  0.000000 -0.000000  0.000000 -0.000000
 77  4 -26.124722  4.000000  0.000000  0.000000  0.000000  0.000000  0.000000  0.000000 -0.000000 -0.000000  0.000000  0.000000  0.000000  0.000000  0.000000  0.000000 -0.000000
 81  4 -15.990960  4.000000  0.000000 -0.000000  0.000000 -0.000000 -0.000000  0.000000  0.000000  0.000000 -0.000000 -0.000000  0.000000  0.000000  0.000000  0.000000  0.000000
 85  4 -15.983943  4.000000  0.000000 -0.000000 -0.000000  0.000000  0.000000 -0.000000  0.000000 -0.000000  0.000000  0.000000 -0.000000  0.000000  0.000000  0.000000 -0.000000
 89  4 -15.818429  4.000000  0.000000  0.000000  0.000000  0.000000  0.000000 -0.000000  0.000000  0.000000 -0.000000  0.000000  0.000000  0.000000 -0.000000 -0.000000 -0.000000
 93  4 -15.809998  4.000000  0.000000 -0.000000  0.000000  0.000000  0.000000  0.000000  0.000000  0.000000 -0.000000 -0.000000 -0.000000  0.000000 -0.000000  0.000000 -0.000000
 97  4 -15.804342  4.000000  0.000000 -0.000000 -0.000000 -0.000000  0.000000  0.000000  0.000000 -0.000000 -0.000000 -0.000000  0.000000  0.000000 -0.000000 -0.000000 -0.000000
101  4 -15.800565  4.000000  0.000000 -0.000000 -0.000000 -0.000000 -0.000000 -0.000000  0.000000  0.000000  0.000000  0.000000  0.000000  0.000000  0.000000 -0.000000  0.000000
105  4  -2.306312  4.000000  0.000000  0.000000  0.000000 -0.000000  0.000000 -0.000000 -0.000000 -0.000000  0.000000 -0.000000  0.000000  0.000000 -0.000000 -0.000000  0.000000
109  4  -2.061168  4.000000  0.000000 -0.000000  0.000000 -0.000000 -0.000000  0.000000  0.000000 -0.000000 -0.000000  0.000000 -0.000000  0.000000  0.000000  0.000000 -0.000000
113  4  -0.583268  4.000000  0.000000 -0.000000  0.000000  0.000000  0.000000 -0.000000 -0.000000 -0.000000  0.000000 -0.000000 -0.000000  0.000000 -0.000000 -0.000000  0.000000
117  4  -0.549567  4.000000  0.000000 -0.000000 -0.000000 -0.000000  0.000000 -0.000000  0.000000 -0.000000 -0.000000 -0.000000 -0.000000  0.000000  0.000000 -0.000000  0.000000
121  4  -0.514414  4.000000  0.000000 -0.000000  0.000000  0.000000  0.000000  0.000000  0.000000 -0.000000  0.000000 -0.000000  0.000000  0.000000  0.000000 -0.000000  0.000000
125  4  -0.305444  4.000000  0.000000  0.000000 -0.000000  0.000000  0.000000 -0.000000 -0.000000 -0.000000 -0.000000  0.000000 -0.000000  0.000000 -0.000000 -0.000000 -0.000000
129  4   0.025395  4.000000  0.000000 -0.000000 -0.000000  0.000000  0.000000  0.000000  0.000000 -0.000000  0.000000 -0.000000 -0.000000  0.000000  0.000000 -0.000000 -0.000000
133  4   0.096584  4.000000  0.000000 -0.000000 -0.000000 -0.000000 -0.000000 -0.000000 -0.000000 -0.000000  0.000000  0.000000  0.000000 -0.000000 -0.000000  0.000000  0.000000
137  4   0.159967  4.000000  0.000000  0.000000  0.000000 -0.000000  0.000000 -0.000000 -0.000000 -0.000000  0.000000  0.000000 -0.000000  0.000000 -0.000000  0.000000  0.000000
141  4   0.201054  4.000000  0.000000  0.000000  0.000000 -0.000000 -0.000000  0.000000  0.000000 -0.000000  0.000000  0.000000  0.000000  0.000000 -0.000000 -0.000000 -0.000000
145  4   0.269629  4.000000  0.000000  0.000000 -0.000000  0.000000 -0.000000 -0.000000  0.000000 -0.000000  0.000000  0.000000  0.000000 -0.000000 -0.000000  0.000000 -0.000000
149  4   0.582812  4.000000  0.000000 -0.000000 -0.000000 -0.000000 -0.000000  0.000000 -0.000000 -0.000000 -0.000000  0.000000 -0.000000  0.000000  0.000000  0.000000 -0.000000
153  4   4.097909  4.000000  0.000000 -0.000000 -0.000000 -0.000000  0.000000  0.000000  0.000000  0.000000  0.000000  0.000000  0.000000  0.000000 -0.000000 -0.000000  0.000000
157  4   5.428185  4.000000  0.000000 -0.000000 -0.000000 -0.000000 -0.000000 -0.000000  0.000000  0.000000 -0.000000  0.000000 -0.000000  0.000000 -0.000000 -0.000000  0.000000
161  4   5.948655  4.000000  0.000000  0.000000  0.000000  0.000000  0.000000 -0.000000  0.000000  0.000000  0.000000  0.000000  0.000000  0.000000 -0.000000  0.000000  0.000000
165  4   7.014330  4.000000  0.000000 -0.000000 -0.000000 -0.000000 -0.000000 -0.000000 -0.000000  0.000000 -0.000000  0.000000 -0.000000 -0.000000 -0.000000  0.000000  0.000000
169  4   7.719892  4.000000  0.000000 -0.000000  0.000000 -0.000000 -0.000000  0.000000 -0.000000 -0.000000 -0.000000  0.000000  0.000000  0.000000  0.000000  0.000000 -0.000000
173  4   8.019872  4.000000  0.000000 -0.000000  0.000000  0.000000 -0.000000 -0.000000  0.000000 -0.000000  0.000000  0.000000  0.000000 -0.000000  0.000000 -0.000000  0.000000
  8
  1  2  3  4  5  6  7  8
  1  8 -94.149378  8.000000  0.000000  0.000000 -0.000000 -0.000000 -0.000000  0.000000  0.000000 -0.000000 -0.000000  0.000000 -0.000000  0.000000 -0.000000 -0.000000 -0.000000
  9  8 -59.251104  8.000000  0.000000  0.000000 -0.000000  0.000000 -0.000000 -0.000000 -0.000000 -0.000000 -0.000000 -0.000000 -0.000000  0.000000 -0.000000  0.000000  0.000000
 17  8 -53.434396  8.000000  0.000000  0.000000 -0.000000  0.000000  0.000000 -0.000000 -0.000000  0.000000  0.000000  0.000000 -0.000000 -0.000000 -0.000000 -0.000000  0.000000
 25  8 -53.424203  8.000000  0.000000 -0.000000  0.000000  0.000000  0.000000 -0.000000  0.000000  0.000000  0.000000 -0.000000  0.000000  0.000000 -0.000000  0.000000  0.000000
 33  4 -43.936404  4.000000  0.000000  0.000000  0.000000 -0.000000 -0.000000 -0.000000 -0.000000 -0.000000 -0.000000  0.000000 -0.000000  0.000000 -0.000000 -0.000000  0.000000
 37  4 -43.936198  4.000000  0.000000 -0.000000  0.000000  0.000000  0.000000  0.000000  0.000000  0.000000 -0.000000  0.000000  0.000000 -0.000000 -0.000000 -0.000000  0.000000
 41  8 -26.899865  8.000000  0.000000  0.000000 -0.000000 -0.000000 -0.000000 -0.000000 -0.000000 -0.000000  0.000000  0.000000  0.000000  0.000000 -0.000000  0.000000 -0.000000
 49  4 -26.857814  4.000000  0.000000  0.000000  0.000000  0.000000 -0.000000  0.000000  0.000000 -0.000000  0.000000 -0.000000  0.000000  0.000000 -0.000000 -0.000000  0.000000
 53  4 -26.857764  4.000000  0.000000 -0.000000  0.000000 -0.000000 -0.000000 -0.000000 -0.000000  0.000000  0.000000 -0.000000 -0.000000  0.000000 -0.000000  0.000000 -0.000000
 57  4 -26.179656  4.000000  0.000000 -0.000000  0.000000 -0.000000  0.000000 -0.000000  0.000000  0.000000  0.000000 -0.000000  0.000000  0.000000 -0.000000  0.000000  0.000000
 61  4 -26.179562  4.000000  0.000000 -0.000000  0.000000 -0.000000 -0.000000  0.000000  0.000000 -0.000000  0.000000  0.000000 -0.000000 -0.000000 -0.000000 -0.000000 -0.000000
 65  4 -26.147412  4.000000  0.000000 -0.000000  0.000000  0.000000  0.000000 -0.000000  0.000000 -0.000000  0.000000  0.000000 -0.000000  0.000000 -0.000000  0.000000 -0.000000
 69  4 -26.147345  4.000000  0.000000  0.000000 -0.000000 -0.000000 -0.000000  0.000000  0.000000 -0.000000 -0.000000  0.000000 -0.000000 -0.000000  0.000000  0.000000  0.000000
 73  4 -26.124711  4.000000  0.000000 -0.000000  0.000000 -0.000000 -0.000000  0.000000 -0.000000  0.000000 -0.000000  0.000000  0.000000 -0.000000 -0.000000 -0.000000 -0.000000
 77  4 -26.124677  4.000000  0.000000 -0.000000  0.000000  0.000000  0.000000  0.000000 -0.000000  0.000000 -0.000000  0.000000  0.000000 -0.000000 -0.000000  0.000000 -0.000000
 81  4 -15.989225  4.000000  0.000000  0.000000 -0.000000  0.000000  0.000000  0.000000 -0.000000 -0.000000 -0.000000 -0.000000  0.000000 -0.000000 -0.000000  0.000000  0.000000
 85  4 -15.987157  4.000000  0.000000  0.000000  0.000000  0.000000 -0.000000 -0.000000  0.000000 -0.000000  0.000000 -0.000000  0.000000  0.000000  0.000000 -0.000000 -0.000000
 89  4 -15.815884  4.000000  0.000000  0.000000 -0.000000  0.000000  0.000000 -0.000000 -0.000000 -0.000000 -0.000000  0.000000 -0.000000 -0.000000 -0.000000  0.000000 -0.000000
 93  4 -15.814357  4.000000  0.000000  0.000000  0.000000 -0.000000 -0.000000 -0.000000  0.000000 -0.000000 -0.000000 -0.000000 -0.000000  0.000000  0.000000  0.000000 -0.000000
 97  4 -15.804573  4.000000  0.000000  0.000000 -0.000000 -0.000000  0.000000  0.000000  0.000000  0.000000  0.000000 -0.000000 -0.000000 -0.000000 -0.000000  0.000000  0.000000
101  4 -15.801356  4.000000  0.000000  0.000000 -0.000000 -0.000000 -0.000000 -0.000000 -0.000000 -0.000000  0.000000 -0.000000  0.000000  0.000000  0.000000  0.000000 -0.000000
105  4  -2.093616  4.000000  0.000000 -0.000000 -0.000000  0.000000 -0.000000  0.000000 -0.000000  0.000000 -0.000000  0.000000  0.000000 -0.000000  0.000000 -0.000000  0.000000
109  4  -1.991994  4.000000  0.000000  0.000000 -0.000000 -0.000000 -0.000000  0.000000  0.000000 -0.000000 -0.000000 -0.000000  0.000000 -0.000000  0.000000 -0.000000 -0.000000
113  4  -0.557996  4.000000  0.000000 -0.000000  0.000000 -0.000000 -0.000000  0.000000 -0.000000  0.000000 -0.000000 -0.000000 -0.000000  0.000000 -0.000000  0.000000 -0.000000
117  4  -0.518195  4.000000  0.000000 -0.000000  0.000000  0.000000  0.000000 -0.000000 -0.000000 -0.000000  0.000000 -0.000000  0.000000  0.000000  0.000000 -0.000000 -0.000000
121  4  -0.392508  4.000000  0.000000  0.000000 -0.000000 -0.000000  0.000000  0.000000 -0.000000 -0.000000 -0.000000  0.000000  0.000000  0.000000  0.000000 -0.000000  0.000000
125  4  -0.258800  4.000000  0.000000 -0.000000 -0.000000 -0.000000 -0.000000 -0.000000  0.000000 -0.000000 -0.000000 -0.000000 -0.000000 -0.000000  0.000000  0.000000 -0.000000
129  4   0.093383  4.000000  0.000000 -0.000000  0.000000 -0.000000 -0.000000  0.000000 -0.000000 -0.000000 -0.000000  0.000000 -0.000000  0.000000 -0.000000  0.000000  0.000000
133  4   0.134510  4.000000  0.000000 -0.000000 -0.000000 -0.000000 -0.000000  0.000000 -0.000000 -0.000000 -0.000000  0.000000 -0.000000 -0.000000  0.000000 -0.000000 -0.000000
137  4   0.174624  4.000000  0.000000  0.000000 -0.000000 -0.000000  0.000000 -0.000000  0.000000  0.000000 -0.000000  0.000000  0.000000 -0.000000 -0.000000 -0.000000  0.000000
141  4   0.222723  4.000000  0.000000 -0.000000  0.000000  0.000000 -0.000000 -0.000000 -0.000000 -0.000000  0.000000  0.000000  0.000000  0.000000  0.000000  0.000000 -0.000000
145  4   0.480423  4.000000  0.000000 -0.000000  0.000000  0.000000 -0.000000 -0.000000  0.000000 -0.000000  0.000000  0.000000  0.000000  0.000000  0.000000 -0.000000  0.000000
149  4   0.612287  4.000000  0.000000  0.000000  0.000000  0.000000 -0.000000  0.000000 -0.000000  0.000000 -0.000000 -0.000000 -0.000000 -0.000000 -0.000000 -0.000000 -0.000000
153  4   3.618792  4.000000  0.000000 -0.000000  0.000000  0.000000 -0.000000  0.000000  0.000000  0.000000  0.000000  0.000000 -0.000000  0.000000 -0.000000 -0.000000  0.000000
157  4   4.575973  4.000000  0.000000  0.000000  0.000000  0.000000 -0.000000 -0.000000  0.000000 -0.000000  0.000000  0.000000  0.000000 -0.000000  0.000000  0.000000  0.000000
161  4   5.884646  4.000000  0.000000  0.000000 -0.000000 -0.000000  0.000000  0.000000  0.000000 -0.000000 -0.000000  0.000000  0.000000  0.000000  0.000000  0.000000  0.000000
165  4   6.033168  4.000000  0.000000  0.000000  0.000000  0.000000 -0.000000 -0.000000  0.000000 -0.000000 -0.000000  0.000000 -0.000000 -0.000000  0.000000  0.000000 -0.000000
169  4   7.323230  4.000000  0.000000 -0.000000 -0.000000 -0.000000 -0.000000 -0.000000 -0.000000 -0.000000  0.000000  0.000000 -0.000000 -0.000000  0.000000 -0.000000  0.000000
173  4   7.478334  4.000000  0.000000  0.000000  0.000000 -0.000000  0.000000  0.000000 -0.000000  0.000000  0.000000 -0.000000 -0.000000  0.000000 -0.000000 -0.000000  0.000000
  8
  1  2  3  4  5  6  7  8
  1  4 -94.149467  4.000000  0.000000  0.000000  0.000000 -0.000000  0.000000  0.000000 -0.000000 -4.000000  0.000000  0.000000  0.000000  0.000000 -0.000000 -0.000000  0.000000
  5  4 -94.149298  4.000000  0.000000  0.000000  0.000000  0.000000  0.000000 -0.000000 -0.000000  4.000000  0.000000  0.000000  0.000000  0.000000 -0.000000  0.000000  0.000000
  9  4 -59.251594  4.000000  0.000000 -0.000000  0.000000 -0.000000 -0.000000 -0.000000 -0.000000 -4.000000  0.000000  0.000000 -0.000000  0.000000  0.000000  0.000000 -0.000000
 13  4 -59.250595  4.000000  0.000000 -0.000000 -0.000000  0.000000  0.000000  0.000000 -0.000000  4.000000  0.000000 -0.000000  0.000000  0.000000 -0.000000  0.000000 -0.000000
 17  4 -53.435417  4.000000  0.000000 -0.000000 -0.000000  0.000000  0.000000  0.000000  0.000000 -4.000000  0.000000  0.000000  0.000000 -0.000000  0.000000 -0.000000 -0.000000
 21  4 -53.433175  4.000000  0.000000  0.000000 -0.000000  0.000000 -0.000000 -0.000000  0.000000  4.000000  0.000000  0.000000  0.000000 -0.000000 -0.000000 -0.000000 -0.000000
 25  4 -53.424767  4.000000  0.000000  0.000000  0.000000 -0.000000  0.000000 -0.000000 -0.000000 -4.000000 -0.000000  0.000000 -0.000000  0.000000 -0.000000  0.000000  0.000000
 29  4 -53.423752  4.000000  0.000000  0.000000 -0.000000 -0.000000  0.000000 -0.000000 -0.000000  4.000000  0.000000 -0.000000  0.000000  0.000000 -0.000000  0.000000 -0.000000
 33  4 -43.936785  4.000000  0.000000 -0.000000 -0.000000 -0.000000  0.000000 -0.000000 -0.000000  4.000000 -0.000000 -0.000000 -0.000000  0.000000  0.000000  0.000000  0.000000
 37  4 -43.935882  4.000000  0.000000  0.000000 -0.000000  0.000000  0.000000  0.000000  0.000000 -4.000000 -0.000000  0.000000 -0.000000  0.000000  0.000000 -0.000000 -0.000000
 41  4 -26.899880  4.000000  0.000000  0.000000 -0.000000  0.000000 -0.000000  0.000000  0.000000 -4.000000  0.000000 -0.000000  0.000000 -0.000000 -0.000000  0.000000 -0.000000
 45  4 -26.899842  4.000000  0.000000  0.000000  0.000000  0.000000 -0.000000 -0.000000 -0.000000  4.000000  0.000000 -0.000000 -0.000000 -0.000000  0.000000 -0.000000  0.000000
 49  8 -26.857819  8.000000  0.000000 -0.000000  0.000000 -0.000000  0.000000 -0.000000 -0.000000 -0.000000  0.000000  0.000000  0.000000  0.000000  0.000000 -0.000000 -0.000000
 57  4 -26.179661  4.000000  0.000000  0.000000  0.000000 -0.000000 -0.000000  0.000000 -0.000000 -4.000000  0.000000  0.000000 -0.000000  0.000000  0.000000 -0.000000  0.000000
 61  4 -26.179622  4.000000  0.000000  0.000000  0.000000  0.000000 -0.000000  0.000000  0.000000  4.000000  0.000000 -0.000000 -0.000000  0.000000  0.000000 -0.000000  0.000000
 65  4 -26.147398  4.000000  0.000000 -0.000000  0.000000  0.000000  0.000000  0.000000 -0.000000 -4.000000 -0.000000  0.000000  0.000000  0.000000 -0.000000 -0.000000 -0.000000
 69  4 -26.147328  4.000000  0.000000  0.000000 -0.000000  0.000000 -0.000000 -0.000000  0.000000  4.000000 -0.000000  0.000000  0.000000  0.000000  0.000000 -0.000000 -0.000000
 73  8 -26.124748  8.000000  0.000000 -0.000000 -0.000000 -0.000000  0.000000  0.000000 -0.000000 -0.000000 -0.000000 -0.000000 -0.000000  0.000000  0.000000 -0.000000 -0.000000
 81  4 -15.990749  4.000000  0.000000  0.000000 -0.000000  0.000000  0.000000 -0.000000  0.000000  4.000000  0.000000 -0.000000  0.000000  0.000000  0.000000 -0.000000  0.000000
 85  4 -15.984128  4.000000  0.000000 -0.000000 -0.000000  0.000000 -0.000000 -0.000000  0.000000 -4.000000 -0.000000 -0.000000 -0.000000  0.000000 -0.000000  0.000000  0.000000
 89  4 -15.818285  4.000000  0.000000  0.000000 -0.000000 -0.000000 -0.000000 -0.000000 -0.000000  4.000000  0.000000 -0.000000  0.000000 -0.000000 -0.000000 -0.000000  0.000000
 93  4 -15.809421  4.000000  0.000000  0.000000  0.000000 -0.000000  0.000000 -0.000000 -0.000000 -4.000000  0.000000 -0.000000 -0.000000  0.000000 -0.000000  0.000000  0.000000
 97  4 -15.804608  4.000000  0.000000 -0.000000 -0.000000 -0.000000  0.000000  0.000000 -0.000000  4.000000 -0.000000 -0.000000  0.000000  0.000000 -0.000000  0.000000 -0.000000
101  4 -15.801059  4.000000  0.000000 -0.000000  0.000000  0.000000 -0.000000  0.000000 -0.000000 -4.000000  0.000000  0.000000  0.000000 -0.000000  0.000000  0.000000 -0.000000
105  4  -2.225050  4.000000  0.000000  0.000000  0.000000 -0.000000  0.000000 -0.000000  0.000000 -4.000000 -0.000000 -0.000000  0.000000  0.000000 -0.000000  0.000000  0.000000
109  4  -2.121511  4.000000  0.000000  0.000000 -0.000000 -0.000000  0.000000  0.000000 -0.000000  4.000000 -0.000000  0.000000 -0.000000  0.000000  0.000000  0.000000 -0.000000
113  4  -0.584888  4.000000  0.000000  0.000000 -0.000000  0.000000 -0.000000  0.000000  0.000000  4.000000 -0.000000  0.000000  0.000000  0.000000 -0.000000 -0.000000 -0.000000
117  4  -0.560526  4.000000  0.000000 -0.000000  0.000000  0.000000 -0.000000  0.000000  0.000000 -4.000000  0.000000  0.000000 -0.000000 -0.000000  0.000000 -0.000000  0.000000
121  4  -0.484178  4.000000  0.000000  0.000000 -0.000000 -0.000000  0.000000  0.000000 -0.000000 -4.000000 -0.000000  0.000000  0.000000  0.000000 -0.000000  0.000000 -0.000000
125  4  -0.346265  4.000000  0.000000 -0.000000  0.000000 -0.000000  0.000000 -0.000000  0.000000  4.000000  0.000000  0.000000 -0.000000  0.000000  0.000000 -0.000000 -0.000000
129  4   0.076616  4.000000  0.000000 -0.000000 -0.000000  0.000000  0.000000 -0.000000 -0.000000 -4.000000  0.000000 -0.000000  0.000000 -0.000000 -0.000000 -0.000000  0.000000
133  4   0.080813  4.000000  0.000000  0.000000 -0.000000 -0.000000  0.000000 -0.000000 -0.000000  4.000000  0.000000  0.000000  0.000000  0.000000  0.000000  0.000000  0.000000
137  4   0.144665  4.000000  0.000000  0.000000 -0.000000 -0.000000 -0.000000  0.000000  0.000000 -4.000000  0.000000  0.000000 -0.000000  0.000000  0.000000 -0.000000 -0.000000
141  4   0.243137  4.000000  0.000000 -0.000000 -0.000000 -0.000000  0.000000 -0.000000 -0.000000  4.000000 -0.000000  0.000000 -0.000000  0.000000 -0.000000 -0.000000  0.000000
145  4   0.271998  4.000000  0.000000 -0.000000  0.000000 -0.000000  0.000000  0.000000  0.000000 -4.000000  0.000000  0.000000 -0.000000  0.000000 -0.000000 -0.000000 -0.000000
149  4   0.419133  4.000000  0.000000  0.000000 -0.000000  0.000000 -0.000000  0.000000 -0.000000  4.000000  0.000000  0.000000 -0.000000  0.000000 -0.000000  0.000000 -0.000000
153  4   4.471526  4.000000  0.000000  0.000000 -0.000000 -0.000000  0.000000 -0.000000 -0.000000 -4.000000 -0.000000  0.000000  0.000000  0.000000 -0.000000  0.000000  0.000000
157  4   4.930115  4.000000  0.000000  0.000000 -0.000000  0.000000  0.000000  0.000000  0.000000  4.000000 -0.000000 -0.000000  0.000000  0.000000  0.000000  0.000000  0.000000
161  4   6.631148  4.000000  0.000000  0.000000  0.000000 -0.000000  0.000000  0.000000 -0.000000 -4.000000 -0.000000 -0.000000 -0.000000  0.000000  0.000000 -0.000000  0.000000
165  4   7.115960  4.000000  0.000000  0.000000  0.000000  0.000000  0.000000 -0.000000  0.000000 -4.000000  0.000000  0.000000  0.000000 -0.000000  0.000000  0.000000  0.000000
169  4   7.496951  4.000000  0.000000  0.000000 -0.000000  0.000000 -0.000000 -0.000000 -0.000000  4.000000  0.000000  0.000000 -0.000000  0.000000 -0.000000 -0.000000 -0.000000
173  4   7.871687  4.000000  0.000000 -0.000000 -0.000000 -0.000000 -0.000000 -0.000000  0.000000  4.000000 -0.000000 -0.000000 -0.000000 -0.000000 -0.000000 -0.000000 -0.000000
  8
  1  2  3  4  5  6  7  8
  1  8 -94.149381  8.000000  0.000000 -0.000000  0.000000  0.000000  0.000000  0.000000 -0.000000 -0.000000  0.000000 -0.000000  0.000000  0.000000  0.000000 -0.000000 -0.000000
  9  8 -59.251105  8.000000  0.000000 -0.000000  0.000000 -0.000000  0.000000  0.000000 -0.000000 -0.000000  0.000000 -0.000000  0.000000  0.000000  0.000000 -0.000000 -0.000000
 17  8 -53.434399  8.000000  0.000000 -0.000000  0.000000 -0.000000  0.000000  0.000000 -0.000000  0.000000  0.000000  0.000000 -0.000000 -0.000000 -0.000000  0.000000  0.000000
 25  8 -53.424202  8.000000  0.000000 -0.000000  0.000000  0.000000 -0.000000 -0.000000  0.000000 -0.000000 -0.000000 -0.000000  0.000000 -0.000000  0.000000  0.000000 -0.000000
 33  8 -43.936301  8.000000  0.000000  0.000000  0.000000 -0.000000  0.000000 -0.000000  0.000000 -0.000000  0.000000  0.000000  0.000000 -0.000000 -0.000000 -0.000000 -0.000000
 41  4 -26.899870  4.000000  0.000000 -0.000000 -0.000000  0.000000  0.000000  0.000000 -0.000000 -0.000000 -0.000000  0.000000  0.000000  0.000000 -0.000000  4.000000 -0.000000
 45  4 -26.899839  4.000000  0.000000  0.000000 -0.000000  0.000000  0.000000  0.000000 -0.000000  0.000000  0.000000  0.000000 -0.000000 -0.000000  0.000000 -4.000000  0.000000
 49  8 -26.857795  8.000000  0.000000  0.000000  0.000000 -0.000000  0.000000  0.000000 -0.000000  0.000000  0.000000 -0.000000 -0.000000  0.000000 -0.000000 -0.000000  0.000000
 57  4 -26.179630  4.000000  0.000000  0.000000  0.000000  0.000000 -0.000000 -0.000000 -0.000000  0.000000  0.000000  0.000000  0.000000 -0.000000  0.000000 -4.000000 -0.000000
 61  4 -26.179588  4.000000  0.000000  0.000000 -0.000000  0.000000  0.000000  0.000000  0.000000  0.000000 -0.000000  0.000000  0.000000 -0.000000  0.000000  4.000000  0.000000
 65  4 -26.147396  4.000000  0.000000 -0.000000  0.000000 -0.000000  0.000000 -0.000000 -0.000000 -0.000000 -0.000000 -0.000000  0.000000 -0.000000 -0.000000  4.000000  0.000000
 69  4 -26.147361  4.000000  0.000000  0.000000  0.000000 -0.000000  0.000000 -0.000000 -0.000000 -0.000000 -0.000000  0.000000 -0.000000 -0.000000 -0.000000 -4.000000 -0.000000
 73  8 -26.124694  8.000000  0.000000 -0.000000 -0.000000  0.000000  0.000000 -0.000000  0.000000  0.000000  0.000000  0.000000 -0.000000 -0.000000  0.000000 -0.000000 -0.000000
 81  8 -15.988171  8.000000  0.000000  0.000000 -0.000000 -0.000000  0.000000  0.000000  0.000000 -0.000000  0.000000 -0.000000  0.000000  0.000000 -0.000000 -0.000000 -0.000000
 89  4 -15.814991  4.000000  0.000000  0.000000 -0.000000 -0.000000 -0.000000  0.000000  0.000000  0.000000 -0.000000  0.000000  0.000000 -0.000000  0.000000 -4.000000 -0.000000
 93  4 -15.814919  4.000000  0.000000 -0.000000 -0.000000 -0.000000  0.000000 -0.000000 -0.000000 -0.000000  0.000000  0.000000 -0.000000  0.000000 -0.000000  4.000000 -0.000000
 97  4 -15.803189  4.000000  0.000000 -0.000000 -0.000000 -0.000000  0.000000 -0.000000 -0.000000 -0.000000 -0.000000 -0.000000  0.000000 -0.000000 -0.000000  4.000000  0.000000
101  4 -15.803113  4.000000  0.000000  0.000000 -0.000000  0.000000  0.000000  0.000000  0.000000  0.000000 -0.000000  0.000000 -0.000000  0.000000  0.000000 -4.000000 -0.000000
105  4  -2.054065  4.000000  0.000000 -0.000000 -0.000000  0.000000 -0.000000  0.000000 -0.000000 -0.000000 -0.000000  0.000000 -0.000000  0.000000  0.000000 -4.000000 -0.000000
109  4  -2.015040  4.000000  0.000000  0.000000  0.000000 -0.000000  0.000000 -0.000000  0.000000 -0.000000 -0.000000  0.000000  0.000000  0.000000 -0.000000  4.000000  0.000000
113  4  -0.555014  4.000000  0.000000 -0.000000 -0.000000 -0.000000 -0.000000 -0.000000 -0.000000  0.000000  0.000000 -0.000000 -0.000000  0.000000  0.000000  4.000000 -0.000000
117  4  -0.537343  4.000000  0.000000 -0.000000 -0.000000  0.000000 -0.000000  0.000000  0.000000 -0.000000  0.000000 -0.000000  0.000000  0.000000  0.000000 -4.000000  0.000000
121  4  -0.416960  4.000000  0.000000 -0.000000 -0.000000  0.000000  0.000000 -0.000000  0.000000 -0.000000 -0.000000 -0.000000  0.000000 -0.000000 -0.000000  4.000000 -0.000000
125  4  -0.202487  4.000000  0.000000 -0.000000 -0.000000  0.000000  0.000000 -0.000000  0.000000  0.000000 -0.000000  0.000000  0.000000 -0.000000  0.000000 -4.000000  0.000000
129  4   0.079935  4.000000  0.000000 -0.000000  0.000000  0.000000  0.000000 -0.000000  0.000000 -0.000000  0.000000 -0.000000 -0.000000  0.000000 -0.000000 -4.000000 -0.000000
133  4   0.118899  4.000000  0.000000 -0.000000 -0.000000 -0.000000  0.000000  0.000000 -0.000000  0.000000  0.000000 -0.000000  0.000000  0.000000  0.000000  4.000000  0.000000
137  4   0.182508  4.000000  0.000000 -0.000000 -0.000000 -0.000000 -0.000000  0.000000 -0.000000 -0.000000 -0.000000  0.000000  0.000000 -0.000000  0.000000 -4.000000 -0.000000
141  4   0.204224  4.000000  0.000000  0.000000  0.000000 -0.000000  0.000000 -0.000000 -0.000000 -0.000000 -0.000000 -0.000000  0.000000 -0.000000  0.000000  4.000000 -0.000000
145  4   0.455079  4.000000  0.000000  0.000000  0.000000 -0.000000  0.000000 -0.000000  0.000000  0.000000 -0.000000  0.000000 -0.000000  0.000000  0.000000 -4.000000 -0.000000
149  4   0.590210  4.000000  0.000000  0.000000  0.000000 -0.000000  0.000000  0.000000  0.000000 -0.000000  0.000000 -0.000000  0.000000  0.000000  0.000000  4.000000 -0.000000
153  4   4.111873  4.000000  0.000000  0.000000  0.000000 -0.000000 -0.000000  0.000000  0.000000 -0.000000  0.000000  0.000000  0.000000  0.000000  0.000000 -4.000000  0.000000
157  4   4.142083  4.000000  0.000000  0.000000  0.000000 -0.000000 -0.000000 -0.000000 -0.000000  0.000000  0.000000  0.000000  0.000000  0.000000 -0.000000  4.000000 -0.000000
161  4   5.902778  4.000000  0.000000  0.000000  0.000000 -0.000000 -0.000000  0.000000  0.000000  0.000000  0.000000  0.000000  0.000000  0.000000  0.000000  4.000000 -0.000000
165  4   5.915923  4.000000  0.000000  0.000000 -0.000000 -0.000000  0.000000  0.000000  0.000000 -0.000000  0.000000  0.000000  0.000000  0.000000  0.000000 -4.000000  0.000000
169  4   7.241323  4.000000  0.000000  0.000000  0.000000 -0.000000 -0.000000 -0.000000 -0.000000 -0.000000  0.000000  0.000000 -0.000000 -0.000000 -0.000000 -4.000000 -0.000000
173  4   7.267796  4.000000  0.000000  0.000000  0.000000 -0.000000  0.000000  0.000000  0.000000  0.000000  0.000000 -0.000000 -0.000000  0.000000  0.000000  4.000000  0.000000
  8
  1  2  3  4  5  6  7  8
  1  8 -94.149378  8.000000  0.000000 -0.000000  0.000000  0.000000 -0.000000  0.000000  0.000000 -0.000000  0.000000 -0.000000  0.000000 -0.000000 -0.000000 -0.000000  0.000000
  9  8 -59.251103  8.000000  0.000000 -0.000000 -0.000000 -0.000000  0.000000  0.000000 -0.000000  0.000000  0.000000 -0.000000  0.000000 -0.000000  0.000000  0.000000  0.000000
 17  8 -53.434395  8.000000  0.000000 -0.000000 -0.000000  0.000000 -0.000000 -0.000000 -0.000000  0.000000  0.000000  0.000000 -0.000000 -0.000000  0.000000 -0.000000 -0.000000
 25  8 -53.424198  8.000000  0.000000  0.000000 -0.000000 -0.000000 -0.000000  0.000000  0.000000  0.000000 -0.000000 -0.000000  0.000000  0.000000  0.000000 -0.000000  0.000000
 33  8 -43.936301  8.000000  0.000000  0.000000  0.000000  0.000000  0.000000  0.000000  0.000000 -0.000000  0.000000  0.000000  0.000000 -0.000000  0.000000  0.000000 -0.000000
 41  8 -26.899864  8.000000  0.000000 -0.000000  0.000000  0.000000  0.000000  0.000000  0.000000 -0.000000  0.000000 -0.000000  0.000000  0.000000 -0.000000 -0.000000  0.000000
 49  8 -26.857797  8.000000  0.000000 -0.000000  0.000000 -0.000000  0.000000 -0.000000 -0.000000  0.000000  0.000000  0.000000 -0.000000 -0.000000  0.000000  0.000000 -0.000000
 57  4 -26.179656  4.000000  0.000000 -4.000000 -0.000000  0.000000 -0.000000  0.000000  0.000000 -0.000000 -0.000000 -0.000000 -0.000000 -0.000000  0.000000  0.000000  0.000000
 61  4 -26.179562  4.000000  0.000000  4.000000  0.000000 -0.000000 -0.000000  0.000000  0.000000 -0.000000  0.000000 -0.000000 -0.000000 -0.000000 -0.000000  0.000000  0.000000
 65  4 -26.147399  4.000000  0.000000  4.000000  0.000000 -0.000000 -0.000000  0.000000 -0.000000  0.000000 -0.000000 -0.000000 -0.000000 -0.000000 -0.000000  0.000000 -0.000000
 69  4 -26.147358  4.000000  0.000000 -4.000000 -0.000000 -0.000000 -0.000000 -0.000000  0.000000 -0.000000 -0.000000 -0.000000 -0.000000 -0.000000  0.000000 -0.000000 -0.000000
 73  8 -26.124700  8.000000  0.000000 -0.000000 -0.000000  0.000000  0.000000  0.000000 -0.000000 -0.000000  0.000000  0.000000 -0.000000  0.000000 -0.000000  0.000000  0.000000
 81  4 -15.988240  4.000000  0.000000  4.000000 -0.000000 -0.000000  0.000000  0.000000  0.000000 -0.000000  0.000000  0.000000  0.000000 -0.000000 -0.000000  0.000000 -0.000000
 85  4 -15.988110  4.000000  0.000000 -4.000000  0.000000  0.000000 -0.000000  0.000000 -0.000000  0.000000  0.000000  0.000000 -0.000000 -0.000000 -0.000000 -0.000000 -0.000000
 89  4 -15.815575  4.000000  0.000000 -4.000000  0.000000  0.000000 -0.000000  0.000000  0.000000 -0.000000 -0.000000  0.000000  0.000000 -0.000000 -0.000000 -0.000000 -0.000000
 93  4 -15.814338  4.000000  0.000000  4.000000 -0.000000  0.000000  0.000000 -0.000000  0.000000  0.000000  0.000000  0.000000  0.000000 -0.000000 -0.000000  0.000000  0.000000
 97  4 -15.803696  4.000000  0.000000  4.000000  0.000000  0.000000  0.000000 -0.000000 -0.000000 -0.000000  0.000000 -0.000000 -0.000000  0.000000 -0.000000 -0.000000  0.000000
101  4 -15.802593  4.000000  0.000000 -4.000000  0.000000 -0.000000  0.000000 -0.000000  0.000000 -0.000000 -0.000000 -0.000000  0.000000  0.000000 -0.000000 -0.000000 -0.000000
105  4  -2.040425  4.000000  0.000000  4.000000 -0.000000 -0.000000 -0.000000  0.000000  0.000000 -0.000000  0.000000 -0.000000  0.000000 -0.000000 -0.000000  0.000000 -0.000000
109  4  -2.027087  4.000000  0.000000 -4.000000  0.000000 -0.000000  0.000000 -0.000000 -0.000000 -0.000000  0.000000 -0.000000 -0.000000 -0.000000  0.000000  0.000000  0.000000
113  4  -0.545772  4.000000  0.000000 -4.000000  0.000000  0.000000  0.000000  0.000000 -0.000000  0.000000  0.000000  0.000000 -0.000000 -0.000000  0.000000  0.000000  0.000000
117  4  -0.532284  4.000000  0.000000  4.000000  0.000000 -0.000000  0.000000  0.000000  0.000000  0.000000  0.000000  0.000000 -0.000000  0.000000 -0.000000 -0.000000  0.000000
121  4  -0.361497  4.000000  0.000000 -4.000000  0.000000  0.000000 -0.000000  0.000000 -0.000000  0.000000 -0.000000 -0.000000 -0.000000 -0.000000 -0.000000  0.000000 -0.000000
125  4  -0.301578  4.000000  0.000000  4.000000 -0.000000  0.000000 -0.000000 -0.000000  0.000000 -0.000000  0.000000 -0.000000 -0.000000 -0.000000 -0.000000 -0.000000 -0.000000
129  4   0.112111  4.000000  0.000000  4.000000 -0.000000  0.000000  0.000000 -0.000000  0.000000 -0.000000  0.000000  0.000000 -0.000000 -0.000000  0.000000 -0.000000  0.000000
133  4   0.125542  4.000000  0.000000 -4.000000 -0.000000  0.000000  0.000000 -0.000000  0.000000 -0.000000  0.000000 -0.000000  0.000000  0.000000  0.000000  0.000000 -0.000000
137  4   0.191701  4.000000  0.000000  4.000000 -0.000000  0.000000 -0.000000 -0.000000  0.000000 -0.000000 -0.000000 -0.000000  0.000000  0.000000  0.000000 -0.000000 -0.000000
141  4   0.192550  4.000000  0.000000 -4.000000 -0.000000 -0.000000  0.000000 -0.000000  0.000000  0.000000 -0.000000 -0.000000 -0.000000  0.000000 -0.000000 -0.000000 -0.000000
145  4   0.505083  4.000000  0.000000  4.000000  0.000000  0.000000  0.000000 -0.000000 -0.000000  0.000000 -0.000000  0.000000 -0.000000  0.000000  0.000000 -0.000000 -0.000000
149  4   0.549572  4.000000  0.000000 -4.000000 -0.000000 -0.000000  0.000000  0.000000 -0.000000 -0.000000  0.000000 -0.000000 -0.000000 -0.000000  0.000000 -0.000000  0.000000
153  4   3.890473  4.000000  0.000000  4.000000  0.000000  0.000000 -0.000000 -0.000000 -0.000000  0.000000  0.000000  0.000000 -0.000000  0.000000  0.000000 -0.000000  0.000000
157  4   3.892935  4.000000  0.000000 -4.000000  0.000000 -0.000000 -0.000000 -0.000000 -0.000000 -0.000000  0.000000 -0.000000  0.000000  0.000000 -0.000000 -0.000000  0.000000
161  4   6.686301  4.000000  0.000000  4.000000  0.000000  0.000000  0.000000 -0.000000 -0.000000  0.000000  0.000000  0.000000  0.000000  0.000000 -0.000000 -0.000000  0.000000
165  4   6.698533  4.000000  0.000000 -4.000000  0.000000  0.000000 -0.000000 -0.000000 -0.000000 -0.000000 -0.000000  0.000000 -0.000000  0.000000 -0.000000 -0.000000 -0.000000
169  4   7.046259  4.000000  0.000000  4.000000 -0.000000 -0.000000 -0.000000  0.000000  0.000000 -0.000000  0.000000 -0.000000  0.000000 -0.000000  0.000000  0.000000  0.000000
173  4   7.089363  4.000000  0.000000 -4.000000  0.000000 -0.000000  0.000000 -0.000000 -0.000000 -0.000000 -0.000000  0.000000  0.000000  0.000000  0.000000  0.000000  0.000000
